25363302
29983890
33338804
33466735
33499282
33802203
35269424
35814377
35818395
36131933
36160466
36195918
36569935
36761730
36761744
36928921
36971495
37021811
37298631
37302522
37401244
37620320
37646139
37793077
37793856
37824205
38003302
38164146
38272345
38339010
38611096
38696168
38701369
38789450
38846356
38961326
38986529
39026981
39060958
39082679
39128990
39225560
39273642
39449013
39577073
39651805
39713223
39751930
40013133
40129250
40278322
40387780
40388736
40389374
40422537
40474033
40488739
40574864
40728126
40777041
40789740
41239644
41312006
41322853
41390513
41560593
41662350
41749928
41846864
