10334534
10561274
11404501
11454891
12885806
15357444
15614446
15738535
1627421
16860626
17013677
17551011
17555392
17606972
17606975
18225547
18270001
18596382
19513516
19757056
20096548
20143294
20162283
20176250
20191380
20492723
20525379
20582416
20619011
20707653
20849941
21048307
21058201
21062083
21073941
21102422
21191835
21293939
21358073
21598423
21708523
21723082
21791716
21796050
21924838
21998736
22115526
22180520
22298457
22306341
22532966
22619526
22778154
22858865
23174784
23233719
23237221
23238828
23311792
23440494
23637769
23772720
23824972
24039828
24044882
24075210
24138843
24377602
24378474
24505785
24562770
24636331
24637191
24717690
24799465
24842044
24853427
24866272
24882353
25012759
25034326
25055283
25075104
25238789
25268975
25341009
25365234
25412401
25416050
25482950
25493228
25758333
25770318
25847929
25847936
25994543
26095255
26112902
26251996
26373887
26486332
26672742
26732321
26763248
26793003
26852219
26858339
26884586
26907089
26909114
26919657
26949038
27020857
27060208
27179038
27217461
27221886
2727775
27354630
27380753
27392540
27400479
27449044
27463533
27495906
27532742
27559053
27597657
27642590
27648361
27657480
27693455
27693939
27746330
27762603
27765799
27810405
27931178
27933735
27999738
28039702
28045625
28069724
28108597
28138868
28236033
28350075
28359240
28417251
28533703
28595038
28649657
28668834
28681243
28732031
28811315
29054890
29095681
29180466
29198959
29202431
29496164
29522753
29555321
29558871
29592899
29660759
29703841
29753961
29849132
29864117
29894693
30140154
30141577
30177437
30206110
30219515
30226114
30240926
30341213
30346394
30348269
30450734
30452337
30481959
30486871
30538109
30613291
30630199
30665463
30674248
30697064
30764928
30859355
30889466
30902832
30948047
30959180
30982153
31006104
31007609
31130474
31191001
31227775
31329411
31388935
31401938
31405605
31410214
31415145
31421928
31451760
31560378
31571924
31575086
31582515
31629931
31640747
31650446
31698041
31753490
31759373
31819175
31848190
31898156
31918219
31918289
31928332
32005245
32029902
32122376
32138738
32142642
32158622
32164505
32172132
32183663
32193692
32194852
32215876
32301634
32323103
32361897
32368047
32381006
32394702
32394753
32483861
32491855
32492452
32496721
32563252
32623604
32660617
32699630
32747418
32762310
32784027
32787343
32821097
32822718
32827460
32893968
32904847
32908313
32930107
32941949
32943648
33034269
33059228
33084332
33087511
33104955
33148288
33176628
33200711
33205017
33208059
33234363
33302699
33312344
33324565
33359260
33359275
33389616
33400401
33419801
33429148
33434714
33447030
33475295
33482908
33487630
33507706
33513992
33530866
33632057
33646064
33653477
33658202
33670942
33707946
33716297
33722612
33762577
33802129
33819459
33840627
33856201
33871826
33915224
33929971
33947548
33983578
34003702
34031411
34033477
34043927
34063642
34066014
34066020
34070674
34081391
34102995
34135582
34208264
34268641
34279055
34281987
34313786
34330474
34347720
34402329
34470980
34475869
34522459
34532642
34573015
34582788
34628070
34642211
34657203
34663427
34671902
34674796
34712959
34716871
34725507
34740039
34749347
34752984
34798471
34864331
34904807
34933180
34943854
34965945
34968306
34973468
34982495
34995128
35014452
35026309
35098436
35121986
35123413
35141145
35154485
35158742
35227190
35246504
35257993
35280333
35313760
35343196
35348320
35380021
35385985
35389825
35398189
35402082
35419484
35436729
35440675
35442700
35478125
35499393
35534238
35592098
35601559
35618935
35619904
35636395
35642638
35673573
35676850
35681619
35697980
35699224
35699948
35705580
35715861
35723065
35738594
35766330
35784473
35798878
35869903
35889257
35892286
35911695
35912168
35935930
35948829
35995138
36010559
36028965
36043717
36076571
36114941
36136033
36163365
36172744
36175677
36200213
36200739
36226063
36230572
36252467
36267767
36278182
36290817
36305867
36309080
36338124
36350285
36357174
36369329
36393842
36410699
36435604
36443094
36446254
36455759
36463434
36474303
36476935
36495878
36502928
36529796
36539109
36541457
36545949
36546552
36572093
36579947
36595474
36600447
36611214
36617643
36618922
36621000
36646509
36671876
36680222
36682729
36720496
36720616
36730296
36734039
36736908
36744961
36746324
36751724
36761762
36776368
36788100
36792048
36793373
36794651
36799863
36800443
36806375
36811310
36814401
36828124
36840977
36850263
36869202
36878534
36892021
36905893
36907257
36916200
36919311
36920334
36921556
36924095
36928512
36966267
36967073
36968653
36978237
36991198
37014177
37031282
37042191
37045733
37046661
37075092
37079210
37096795
37098638
37100972
37114242
37119737
37120887
37146146
37153626
37160904
37170010
37175916
37186892
37187119
37191353
37192893
37193644
37198990
37209991
37212336
37235535
37258563
37261602
37272756
37285593
37287008
37288783
37294948
37298631
37324948
37342383
37346097
37349612
37358641
37374009
37382675
37384818
37390205
37392863
37407378
37415164
37416781
37420274
37431741
37433103
37437865
37452744
37454577
37478560
37493044
37504334
37509303
37515162
37516217
37522197
37522838
37526149
37562695
37573703
37597651
37634292
37656059
37660039
37666438
37675539
37697435
37716283
37721518
37742278
37748773
37756635
37758021
37799382
37800595
37801674
37827964
37830150
37839496
37870091
37882675
37892162
37895893
37898045
37914681
37921976
37938529
37962532
37970806
37971309
37987734
38008654
38010197
38013142
38019654
38067203
38069146
38069409
38091201
38100982
38134746
38140817
38147359
38168996
38170551
38171333
38179054
38179960
38182927
38203786
38205260
38215985
38219442
38228257
38268926
38270051
38271801
38278522
38279989
38295890
38308196
38309616
38310192
38316463
38317637
38319231
38325812
38341307
38342338
38342612
38345361
38372580
38377856
38381406
38382375
38398191
38402670
38403093
38406602
38407276
38409585
38414525
38428737
38442004
38456333
38458926
38459559
38473720
38474359
38483577
38485929
38502947
38527565
38528388
38537920
38538285
38538442
38542447
38566092
38574190
38576614
38578637
38596301
38603889
38605180
38610042
38612786
38614071
38615873
38621469
38630886
38632563
38640836
38652426
38678042
38680498
38693876
38716619
38721172
38744189
38750591
38767454
38772416
38772845
38811964
38821617
38824410
38829727
38831058
38845396
38855730
38858780
38861602
38863707
38864297
38866088
38893132
38901719
38907847
38913981
38918812
38925852
38940019
38943512
38948057
38948248
38948681
38951853
38953968
38956700
38963654
38970078
38983306
38986529
38987747
38989622
39009931
39012601
39020378
39041239
39043763
39047292
39048238
39051482
39060958
39072640
39073687
39084428
39094521
39101839
39104292
39108118
39112464
39121791
39127670
39136145
39147629
39149915
39154967
39167468
39168611
39177676
39178538
39180380
39186778
39189367
39191114
39191683
39192979
39207114
39211043
39213053
39213364
39216449
39216478
39216513
39245083
39253073
39265497
39288077
39288654
39292752
39302614
39307117
39330050
39337633
39339288
39342391
39351441
39362146
39367484
39387174
39393036
39398140
39409870
39409901
39413005
39418963
39433427
39446008
39446010
39461277
39467343
39467630
39474929
39500221
39510841
39510910
39511890
39520520
39530107
39531198
39533368
39538331
39542653
39545921
39549730
39550213
39573837
39574178
39574346
39577073
39612162
39617984
39622130
39625823
39645013
39654063
39660126
39672420
39696866
39698701
39701260
39702881
39709158
39722028
39723587
39729399
39740007
39744220
39747865
39753814
39769279
39774458
39777474
39778242
39786401
39790035
39791278
39798230
39801156
39806366
39812376
39825877
39837426
39837982
39848366
39851917
39868490
39869307
39875558
39878898
39878905
39891927
39892649
39892701
39895038
39925678
39941761
39947911
39949927
39971377
39980537
39980806
39993510
39994712
39996528
40006021
40006691
40012288
40022699
40025472
40038300
40045156
40049447
40050525
40050802
40056273
40063153
40063535
40082588
40095056
40098061
40102896
40105672
40108113
40112501
40121989
40125434
40126217
40129017
40129986
40132530
40165319
40167629
40183455
40184763
40187205
40188858
40196673
40197318
40201309
40203774
40220027
40226473
40227534
40234152
40239877
40244544
40246243
40253831
40272913
40281554
40282933
40288679
40302461
40303488
40323341
40327249
40327275
40328147
40328285
40332761
40350205
40358476
40359851
40360587
40367242
40370063
40373656
40380913
40385495
40387297
40406094
40416959
40426230
40440060
40441935
40442785
40445574
40455115
40456194
40460510
40460679
40467988
40473462
40495695
40504865
40514251
40514709
40517246
40517875
40540857
40542009
40543510
40553912
40561431
40567832
40573134
40583763
40589329
40599396
40611295
40612876
40615323
40624355
40635151
40635271
40637538
40657894
40662373
40665962
40669019
40675157
40675892
40679093
40685856
40698351
40713639
40719201
40726069
40730818
40739577
40742625
40748773
40758706
40762824
40764992
40774368
40777006
40778672
40784276
40789906
40795300
40804279
40813394
40836888
40843356
40847228
40847229
40849685
40876130
40877927
40884958
40888645
40888991
40903191
40907495
40921131
40929940
40931303
40935417
40943370
40948185
40948328
40952644
40960236
40963899
40970572
40973047
40982437
40985271
40992225
40994623
40998735
41000377
41007774
41009609
41011847
41026455
41030069
41031472
41033396
41042301
41052881
41053808
41076974
41088941
41100893
41106435
41112293
41117183
41123446
41129960
41131861
41133967
41135519
41138046
41148834
41151892
41155174
41158759
41176408
41184322
41187575
41197754
41202501
41203167
41205595
41213241
41213410
41216604
41218118
41228202
41243354
41265458
41274532
41280925
41309872
41328155
41328886
41338184
41344600
41349354
41361931
41370931
41378083
41379034
41379640
41383280
41386500
41394807
41412274
41416651
41423054
41425703
41437263
41442499
41443030
41446759
41451168
41454512
41460244
41462289
41471021
41479562
41489230
41501774
41518796
41519435
41525248
41538481
41557039
41557625
41564514
41571637
41579215
41601628
41611186
41642361
41664042
41668563
41687244
41702764
41708817
41708868
41710577
41752108
41752702
41759063
41766877
41774834
41777179
41781803
41785741
41795021
41813314
41850242
41856971
41868692
6666093
7531017
7531018
9368811
9492970
9569566
