12023044
18695917
18774758
21593790
21642840
22449440
23225428
24214831
25972998
27183708
27485253
27931178
28993931
29334371
29490752
29694357
30556847
30565007
31385777
31623083
31973584
32040210
32671729
32920508
33010331
33146805
33200711
33411765
33475857
33513069
33532002
33612045
33722612
34043747
34353334
34627949
34666780
34763025
35481367
35620928
35774512
35962528
36139135
36325337
36415085
36436360
36609769
36611214
36618922
36621226
36768352
36803278
36867683
36878560
36911534
36940438
37023499
37086948
37208018
37307591
37423524
37503351
37539054
37559727
37641004
37647692
37658376
37797632
37873756
37953617
38072400
38171406
38172449
38372727
38462683
38627898
38689071
38822328
38916224
39164924
39191683
39390431
39404933
39494690
39536909
39588712
39660134
39696618
39761277
39798703
39824865
39861845
39895038
40091465
40101551
40139025
40216282
40248696
40288679
40323166
40328703
40394347
40400023
40446873
40502368
40602955
40623769
40712557
40713697
40726978
40865161
40907200
40934857
40967533
41026140
41036598
41101701
41135519
41136631
41239644
41490885
41564592
41570748
41583427
41613151
7531018
