12657164
18362931
18829444
19074849
19386137
19786982
22275826
23337959
24602180
24676085
25205025
25652758
25719540
25886376
26116172
26672603
26933175
27328312
27429587
27447746
27748048
28151483
28436963
28454566
28493544
28659146
29431697
30980700
31193737
31385006
31560378
31823471
31842288
31861079
31893287
31930723
32088363
32091598
32098629
32144446
32152504
32182828
32194852
32215970
32217765
32296018
32398948
32457127
32532291
32533247
32552718
32607098
33172883
33199510
33262221
33507915
33516195
33664850
33878705
34074330
34160684
34198859
34307839
34329783
34577800
34578339
34621019
34656791
34671902
34696348
34721024
34721435
34771499
34820895
34991708
35069586
35127707
35163675
35216429
35269922
35298796
35486097
35657956
35720311
35787728
35847495
35880569
35889257
35904277
35984826
36053771
36093532
36230517
36316440
36341334
36405739
36426359
36457858
36466871
36479108
36638198
36639643
36645225
36713447
36713578
36754451
36769093
36776873
36786568
36795124
36798129
36800443
36878534
36879708
36910721
36982838
37020802
37051296
37081776
37120591
37201179
37259060
37279095
37296165
37302522
37488534
37492581
37496993
37559159
37565053
37620320
37763886
37859740
37863651
37932012
37942404
37993945
38000655
38003215
38024475
38032013
38035338
38052529
38087365
38168996
38172923
38178138
38194971
38243252
38256120
38292420
38330461
38336371
38339251
38519913
38528670
38536911
38543535
38617536
38623463
38630886
38632563
38641773
38642937
38712438
38720892
38750034
38862461
38892286
38893120
38903520
38975706
38986529
39054866
39068589
39095760
39105814
39105878
39119332
39123202
39128273
39227689
39238638
39252116
39261955
39273009
39336577
39389985
39410046
39467702
39516525
39548468
39548594
39561737
39606809
39623529
39641253
39653551
39735789
39740007
39762718
39794937
39805063
39809756
39812376
39830516
39872770
39946032
39951377
39975543
39987121
40202784
40236647
40250245
40260289
40260627
40297577
40344511
40350205
40357397
40387458
40442785
40449480
40521192
40530896
40607397
40611295
40623177
40652009
40659604
40698840
40715695
40723178
40744997
40770807
40783392
40804279
40805277
40813394
40836888
40873588
40877927
40881578
40890119
40972582
40974479
41000734
41020873
41068081
41074210
41096581
41096771
41100061
41102168
41117996
41152720
41159031
41193623
41208966
41214683
41231502
41238218
41238220
41256852
41286899
41330216
41356485
41357181
41438381
41439989
41440025
41446280
41472726
41479921
41495822
41498910
41526899
41560310
41572139
41648503
41781019
41833681
