12168839
18679076
19212862
24554216
25715364
26422386
27183708
27277337
27823632
28353355
29433678
29662080
30542704
30590310
30668314
31243347
31307409
31560378
31562979
32027119
32301012
32506298
32777557
33491552
33590326
33635343
34065602
34642170
34671902
34820895
34881625
34883030
34961307
35012886
35239311
35534566
35583999
35874675
36076571
36341440
36379512
36447254
36579327
36586241
36618357
36755269
36763234
36764416
36931204
37015333
37042029
37122707
37151176
37185443
37324948
37364935
37420274
37457738
37477784
37496216
37507075
37511163
37587833
37666265
37741901
37762490
37863651
37953242
37992493
38040871
38069146
38113039
38115178
38145711
38198061
38391024
38404578
38474359
38521686
38629914
38631286
38700775
38718982
38787209
38830992
38919123
39003371
39009512
39083154
39129178
39146748
39178538
39258789
39396598
39481189
39533019
39581334
39753814
39825061
39841955
39878898
39947405
40040691
40070819
40087147
40108924
40121824
40133688
40141097
40211993
40226473
40389374
40409451
40412286
40439687
40455140
40467988
40586719
40640144
40661955
40694310
40729867
40738981
40812162
40869030
40877927
40936722
40953757
40974479
41023529
41030069
41043399
41076974
41138046
41164188
41175977
41187909
41215803
41253489
41257369
41274532
41308859
41318814
41320670
41337878
41349881
41403286
41484653
41526899
41540424
41542901
41568291
41611186
41613151
41668164
41683874
41736320
41764527
41766111
41789078
41878524
5362552
