13680280
13823684
13954229
15051755
17551011
19597759
20560725
20668843
21214290
21548832
21924838
22086447
22254416
22290258
22661268
23095807
23304737
23659608
23792568
23899985
24075210
24176851
24345078
24555979
24574359
24794308
24884522
25003941
25208916
25213870
25407354
25620708
25727223
26024653
26071619
26116172
26125449
26140483
26143265
26311253
26350296
26513694
26551239
26558989
26670969
26670971
26737876
26737877
26739692
26756205
26793003
26862770
26883559
26949038
26986446
27052640
27076281
27177573
27354630
27556184
27556699
27628854
27664860
27668385
27668386
27668387
27668388
27695068
27793904
27809808
27832093
27845746
27865821
27874284
27918194
28148839
28259296
28268799
28269429
28269540
28281173
28298023
28303729
28355088
28358361
28368610
28376211
28399638
28425987
28427672
28427800
28470383
28518093
28524900
28544575
28561706
28564669
28578786
28604803
28664468
28681243
28733441
28765323
28832384
28841803
28842551
28849278
28849310
28849343
29023236
29115404
29158268
29200110
29241354
29260225
29261637
29284495
29349613
29392273
29392280
29471879
29592899
29631935
29644485
29681995
29696502
29704527
29715350
29715353
29905756
29914561
29914619
29987746
29990984
29993870
30008259
30026416
30064027
30071778
30072067
30124334
30133493
30150597
30155806
30317361
30341282
30341739
30350219
30374424
30396819
30410163
30413356
30415456
30441441
30469352
30506499
30534421
30627327
30641498
30674248
30717372
30722819
30817495
30866031
30978253
31026557
31050315
31058901
31089145
31127507
31187319
31222722
31290002
31375748
31444292
31476621
31507132
31609738
31610842
31753914
31765733
31766152
31773024
31783910
31842635
31844979
31905849
31947448
31973881
31989489
32020470
32044356
32061304
32156119
32157552
32239234
32253714
32274629
32307022
32315286
32324425
32380584
32407116
32407989
32409902
32417652
32478924
32500440
32535723
32578135
32614759
32644826
32666048
32704022
32732911
32734509
32734621
32818721
32847977
32850308
32908085
32925205
32938326
32988908
33005623
33037945
33080774
33086019
33104955
33144698
33154756
33163284
33163308
33189686
33215088
33215345
33221711
33232299
33311561
33322413
33328215
33371210
33389825
33394264
33442407
33481149
33484758
33496872
33556161
33771666
33781502
33781503
33800821
33881725
33948346
33950471
33990905
34026655
34036669
34039959
34068775
34092568
34094969
34102743
34195200
34196308
34214730
34215656
34249709
34251601
34298883
34315854
34395289
34407687
34476375
34503460
34588144
34632866
34659907
34687357
34692470
34707035
34808285
34808377
34844040
34883030
34892148
34926281
34930368
34963556
34970698
34973444
34976195
35021271
35046546
35071498
35096619
35122621
35133042
35181800
35185876
35199647
35205750
35216098
35227898
35265074
35285582
35326650
35326718
35344682
35359402
35395355
35397674
35399707
35411245
35426370
35445737
35477828
35503190
35551657
35589663
35604627
35632759
35639236
35657693
35669882
35680424
35682578
35716200
35782043
35788291
35792620
35795092
35801932
35806051
35812042
35821680
35839284
35861406
35864255
35874698
35898934
35924820
35929424
35954334
35959373
35970941
35971187
35973687
35982032
36032113
36036582
36039063
36060271
36062548
36070228
36072789
36093532
36098100
36100970
36153883
36154607
36185858
36193561
36206948
36208441
36220835
36238646
36245000
36254536
36271359
36291557
36306728
36307882
36311781
36336324
36336899
36355259
36358594
36439464
36483066
36503396
36521103
36560800
36597214
36599192
36638331
36647335
36648507
36675360
36688797
36703794
36705309
36706198
36717682
36720762
36721153
36741707
36765840
36768432
36894660
36902447
36932454
36983757
36987739
36988745
36991198
36993158
37037396
37046777
37061120
37105343
37108181
37131108
37165457
37179515
37190598
37194387
37201117
37220298
37234776
37298513
37325516
37335714
37338326
37386564
37417289
37431617
37437806
37440907
37442619
37459849
37466394
37493865
37550054
37564196
37574780
37619813
37627079
37662010
37665740
37681903
37703902
37706199
37731483
37776441
37788737
37796104
37870091
37882243
37916157
37931176
37940647
37953242
37955637
37958913
37978542
37992682
38048782
38058802
38067345
38067354
38072311
38087978
38090060
38100982
38167409
38191799
38195076
38201663
38226619
38249077
38250045
38256021
38260214
38263486
38268001
38296645
38334638
38336902
38349201
38357955
38375030
38390330
38396172
38398131
38417178
38448290
38455403
38481068
38505170
38514913
38548413
38548421
38551501
38555997
38560348
38560349
38563851
38564342
38579343
38623558
38664630
38695671
38697107
38710183
38727262
38741305
38806994
38852384
38859683
38859711
38886116
38891962
38900237
38920629
38928445
38949692
38994761
39015084
39023183
39030304
39034648
39088157
39112464
39123409
39154656
39161078
39185154
39213053
39217635
39223316
39223317
39240078
39267113
39267734
39269554
39273083
39288077
39293238
39296975
39307417
39316196
39329757
39334165
39364266
39367418
39377640
39382681
39401002
39412953
39465481
39470962
39476945
39480453
39510150
39555054
39556529
39557959
39562655
39563028
39599878
39599889
39659832
39698701
39713205
39735354
39735671
39749925
39766134
39798545
39801205
39812745
39819464
39877359
39884522
39893330
39900203
39945240
39984771
39989968
39997634
40016450
40022699
40050802
40063153
40063535
40066359
40067514
40069686
40070120
40075663
40078366
40102981
40104463
40134106
40134212
40134291
40148314
40163248
40175974
40177536
40179881
40181550
40223378
40226473
40227534
40227773
40239336
40243570
40244246
40253695
40259204
40277742
40277764
40289711
40309350
40311316
40324379
40378061
40386781
40394797
40400212
40404987
40422825
40442785
40455099
40466642
40467542
40470784
40495024
40495644
40510029
40527221
40542948
40553282
40555086
40578367
40579859
40583763
40595067
40595976
40620681
40640144
40653819
40682424
40694229
40694540
40698061
40725231
40729867
40738400
40760734
40779733
40782435
40785950
40801642
40849813
408721
40885689
40889189
40912371
40919729
40948290
40948474
40957170
40962204
40966317
40986696
40991008
41003641
41014798
41032069
41033612
41041265
41062177
41062905
41069015
41081963
41092939
41121224
41146171
41148834
41155526
41159031
41168621
41176799
41187575
41198544
41209565
41218853
41228258
41242564
41242855
41271059
41273009
41296829
41332567
41335801
41350820
41352221
41352482
41362034
41377366
41381536
41395596
41414954
41424865
41429715
41463198
41465586
41473753
41510159
41514653
41517810
41536497
41537177
41545304
41564514
41595133
41637807
41655754
41661421
41677939
41679299
41684840
41689740
41697534
41716879
41720042
41738561
41752461
41756179
41760592
41800095
41825848
41876459
8451474
8527987
8872890
