14680583
16865057
16985057
17000693
18983911
20702493
22460467
23824972
24099518
24264763
24599717
25391695
25826087
26395333
26592246
26625208
26887975
27150750
27292193
28029303
28079435
28974431
29719274
29743117
30674248
31157515
31193737
31237050
31444923
31581445
31788443
32899415
32992948
33118267
33213031
33532002
33614492
33711532
33766702
33784931
34486685
34707035
34868055
35054968
35338126
35341589
35355980
35395371
35468697
35575280
35621637
35668455
35717822
35774512
36050621
36097280
36293632
36369571
36474273
36477855
36545949
36604694
36618068
36671475
36734039
36746272
36780000
36855120
36872620
36913701
37022697
37086948
37143088
37182343
37213060
37243814
37263673
3729477
37340017
37376101
37457699
37544568
37679769
37682196
37755585
37828725
37952507
38188167
38462683
38576614
38599076
38616696
38658385
38702756
38730256
38791209
38820656
38823410
38916448
38949635
39027362
39103130
39135356
39213053
39239742
39293238
39321333
39494690
39567771
39608124
39614368
39657865
39684701
39702881
39706050
39746459
39761277
40024074
40086437
40091844
40111003
40153139
40156838
40166238
40195238
40216150
40252747
40260627
40285805
40319478
40348212
40387863
40389543
40445465
40458686
40675157
40686312
40742385
40760357
40805133
40834748
40853247
41012702
41066547
41084982
41092649
41125110
41187575
41193441
41225741
41233057
41250081
41322103
41385861
41416398
41425703
41474664
41482527
41557883
41663279
41720607
41722284
41787195
41800095
41836369
