15217148
16474762
17239314
18351319
19455298
20230379
20380511
21191835
21358073
22815798
25962890
26070919
26433823
26486331
27380753
28478130
28632992
28929209
28971750
29396626
30509869
31111237
31636445
31968983
32253714
32492452
32855157
32968206
33497609
33590326
33650321
33825033
33888468
33922974
33926224
34039647
34376376
34411731
34638308
34671902
34872567
34973468
35362143
35621637
36093532
36196023
36266192
36321062
36382735
36405755
36447337
36649986
36836593
36899527
36952231
37062953
37086458
37099197
37315301
37340017
37344468
37365326
37378532
37444378
37844295
37863651
37914579
37953617
37955340
37986556
38205802
38206274
38238222
38290965
38291394
38302933
38443363
38549430
38579722
38583184
38628758
38639108
38698165
38788173
38789450
38818974
38840237
38846356
38882543
38884097
39033192
39034992
39058879
39105878
39113562
39133171
39247714
39396375
39562465
39586931
39705641
39792409
39858094
39910301
39989333
40008409
40054657
40113005
40126769
40142250
40202784
40253354
40272709
40331259
40349459
40377638
40389374
40449649
40488739
40504084
40534854
40712816
40801642
40847238
41073604
41112295
41159031
41187575
41250081
41281744
41322103
41349736
41378040
41452751
41466010
41472726
41543784
41601657
41801404
41871874
