11103804
1199616
12023044
12855653
1766747
17874299
18314258
19893593
20582416
20849941
21328317
22033517
22086447
22221251
22858865
23410681
23637769
23708127
24075210
24637191
25416050
25604499
26204398
26380110
26467143
27063984
27189167
27473567
28606724
28673584
29098502
29284775
29554655
29777637
29989440
30034945
30261221
30277116
30504286
30640794
31128258
31186412
31222722
31309361
31447348
31629009
31814555
31823832
31848460
32029263
32182828
32187960
32200355
32687855
33341289
33741730
33781320
33972125
34158626
34172894
34253582
34412685
34425876
34476803
34655667
34671902
34830212
34861036
34862480
34894519
34973468
35008832
35018729
35076883
35103292
35153001
35199207
35220303
35314826
35436564
35452603
35459624
35472554
35583829
35605472
35784280
35830214
35874698
35875870
35899943
35935520
35936003
35981498
36002574
36003404
36053276
36082969
36101937
36156278
36268012
36351643
36403579
36410699
36555712
36569859
36575328
36599192
36602938
36607839
36672365
36703960
36757878
36762937
36781600
36817454
36848231
36864802
36941149
36975207
36984629
37035245
37132155
37173782
37175509
37207130
37358557
37420216
37457699
37544725
37634013
37648261
37651540
37672037
37673048
37700230
37793869
37819154
37824808
37848261
37871327
37877352
37915564
38013142
38052854
38163523
38172923
38175436
38193692
38449862
38492089
38492861
38538786
38627685
38640784
38696033
38721172
38806724
38881053
38889435
38983860
39005114
39009446
39069893
39146497
39167815
39179348
39213256
39334509
39457563
39462141
39468753
39475383
39558141
39582866
39625823
39666320
39708520
39711119
39740007
39818101
39855710
39864894
39900318
39913958
39919536
39966805
39983725
39986194
40021425
40098061
40100578
40122025
40175001
40181550
40187754
40191207
40291594
40306469
40320222
40358476
40375426
40439687
40480008
40523510
40532498
40549304
40550903
40619228
40619749
40667573
40672109
40751114
40754042
40755773
40789743
40888053
40993398
41062905
41146171
41187575
41193778
41201546
41204420
41320744
41365534
41384994
41386500
41387457
41421179
41489244
41514558
41545304
41631921
41739902
41810550
41841415
6546461
