22514558
23749887
24043975
25367065
25928327
27102814
27119111
27305763
27837054
28266600
28428881
28445252
30151798
30465255
31560378
31588193
31819829
31956003
32130786
32144446
32182828
32487115
32624697
32655266
33099812
33552839
33575350
33603343
33882892
34040370
34060621
34073865
34118951
34423001
34522226
34559020
34577800
34605326
34608130
34638308
34671902
34725191
34933803
34963897
34975896
35027829
35093119
35191218
35217990
35300417
35317519
35326718
35346236
35379737
35415261
35565338
35671636
35721889
35740624
35889257
36038676
36062845
36072981
36087682
36093532
36161045
36175037
36230638
36239794
36313716
36321062
36380155
36505437
36525476
36680249
36686771
36703794
36756111
36793354
36831698
36909143
36957974
37048069
37124680
37163283
37187618
37426674
37471457
37511148
37511998
37550054
37573354
37704614
37770953
37815873
37817020
37822213
37864726
37901198
37908722
37914681
37933299
37942328
37969406
38050474
38102658
38137645
38167076
38247202
38258070
38297372
38310091
38325225
38330461
38349201
38361756
38399539
38410201
38440738
38454445
38473415
38495485
38530426
38584166
38679698
38684648
38704691
38710956
38882543
38891772
38892779
38924675
38937436
38948469
38954079
39038962
39043602
39081513
39086383
39117626
39144246
39269893
39281567
39326581
39401002
39407914
39417449
39425127
39431644
39435273
39435274
39474576
39507962
39569202
39583200
39606562
39610917
39650662
39664377
39679828
39698701
39707376
39747873
39783849
39838375
39845772
39851512
39853961
39871899
39874200
39920148
39984913
39985225
40013724
40025169
40028328
40061885
40066440
40079683
40144682
40165796
40166981
40181964
40208346
40293533
40294549
40314129
40370433
40374534
40377687
40384918
40406146
40432113
40440305
40447887
40499141
40500480
40535838
40574860
40589752
40612869
40665352
40717708
40830586
40851065
40855307
40866293
40877927
40898321
40918942
40918946
40948427
40959085
40977659
41002560
41013723
41024879
41024885
41062714
41088223
41097634
41104047
41122677
41136986
41159031
41317730
41328155
41334581
41438742
41454610
41472305
41480208
41482406
41613151
41654811
41673081
41746109
41803088
41816606
