18676776
19387848
21856766
22586319
22648257
23637769
24162015
24393333
24460801
25337876
25670331
26793003
26949038
27448221
27597657
27699275
28053531
28181425
28358361
28580436
29180466
29195073
29695251
29743117
29769148
30104875
30978253
30980700
31111237
31290413
31410214
31719057
32018052
32142642
32194852
32209571
32238925
32300176
32459400
32560232
32764966
32767058
32848130
33025047
33037191
33048619
33114476
33203644
33209596
33255340
33473101
33632266
33643696
33771231
33972125
33996545
34074654
34157016
34189144
34295655
34295682
34471091
34475869
34506955
34522178
34548332
34578339
34630085
34638308
34655667
34669238
34671902
34745994
34764236
34798306
34822926
34944063
34964270
34969754
34980128
35039048
35073876
35200543
35216379
35265614
35289077
35486097
35499393
35621637
35676015
35747712
35840560
35876944
35890409
36057637
36063818
36072895
36090974
36104949
36172744
36212131
36311728
36321062
36369871
36430552
36459691
36466871
36476935
36483066
36567161
36635979
36701651
36703794
36754434
36761730
36761762
36765594
36798129
36798234
36800443
36854570
36896371
36899885
36936031
36951942
36980246
36991198
37009262
37022784
37031457
37057110
37081776
37104963
37114242
37139454
37158856
37175833
37185443
37191353
37197440
37208661
37213481
37223099
37258521
37263673
37287014
37302522
37327461
37389188
37390981
37397359
37399175
37425981
37441425
37444378
37444609
37456850
37457125
37552839
37593227
37604643
37619980
37635168
37641132
37655051
37698765
37766219
37769655
37793856
37830607
37833968
37842237
37863651
37880647
37889752
37947595
37997186
37999101
38067203
38090322
38162667
38166691
38194023
38200551
38256120
38260214
38268926
38271158
38280084
38331967
38346938
38347129
38349201
38361936
38375030
38379896
38384472
38391039
38401548
38468503
38482008
38508135
38512420
38519913
38572783
38580900
38622716
38626769
38632563
38635884
38642937
38660023
38672409
38685799
38706247
38721587
38730427
38734764
38769830
38770217
38807759
38827172
38840087
38861602
38877461
38892105
38916448
38918812
38924675
38994972
39004699
39030820
39054462
39054476
39054639
39060022
39060958
39068460
39089738
39090431
39155358
39166458
39201435
39201787
39216477
39272970
39300154
39301033
39301655
39325256
39385213
39390972
39430750
39451738
39451775
39469148
39483139
39485838
39488528
39492586
39494690
39502829
39526426
39531509
39537963
39555054
39563352
39592417
39613742
39614368
39625239
39631848
39669573
39671912
39718207
39786401
39812376
39820726
39848686
39874964
39881438
39904774
39927795
39931252
39975543
39979394
39995112
40012708
40025472
40038780
40040705
40056186
40066359
40072566
40098106
40098172
40117942
40121208
40129986
40135802
40138743
40148314
40178042
40180420
40181964
40192238
40202784
40217292
40226601
40245752
40248194
40255674
40257698
40260627
40266144
40293943
40297587
40333678
40350205
40355283
40365291
40386781
40389374
40406096
40422825
40428391
40439479
40440060
40469185
40469279
40487169
40499141
40510029
40510353
40519325
40520563
40539045
40544186
40563598
40572608
40595495
40623177
40624569
40640144
40641119
40661984
40662373
40665962
40673965
40693391
40721857
40739577
40762824
40775400
40777004
40777022
40792105
40801642
40836888
40849659
40855114
40869080
40872531
40882030
40884462
40890128
40897718
40909921
40926122
40935640
40959085
40963596
40988453
41007433
41007751
41008934
41010985
41036598
41041265
41050683
41069015
41146171
41159031
41163383
41181138
41203628
41206690
41234596
41250081
41252204
41256321
41268683
41276526
41291120
41301443
41309253
41310903
41373888
41377366
41394807
41394872
41415283
41417042
41441899
41465516
41472726
41479562
41479892
41488631
41501774
41522099
41564857
41591580
41608560
41613126
41613151
41622931
41630477
41644630
41710876
41722564
41752065
41757123
41777887
41789674
41800020
41800246
41801404
41852409
41858509
41858575
41860961
41874698
