18477046
22033517
25337876
26793003
27453763
28753442
28805013
31447348
31823832
31848460
31861079
32217765
32241808
33741730
33781320
33972125
34060602
34248965
34253590
34412685
34655667
34830212
34861036
35199207
35234272
35259530
35326620
35343027
35459624
35463343
35472554
35486592
35539019
35686214
35784280
35851312
35874698
35875870
35914074
35936003
35959380
36018330
36032113
36101937
36293632
36321062
36512081
36607839
36618922
36632566
36642966
36683744
36737320
36750253
36779699
36790667
36873569
36895020
36975207
36984629
37012357
37093551
37151176
37173782
37246975
37398889
37420216
37428918
37457699
37537626
37563685
37583696
37593227
37626420
37634013
37648261
37651540
37749042
37775098
37795042
37841262
37965326
38013142
38052854
38106404
38349008
38449862
38496503
38519055
38543695
38701405
38761096
38799440
38889435
38983860
38985302
39060958
39201787
39274842
39300154
39333227
39657136
39723764
39740007
39855710
39902042
39908461
40098061
40181550
40187754
40229536
40291594
40341025
40515479
40555560
40558528
40575948
40698351
40751114
40755773
40789685
40789743
40805178
40813394
41037766
41140808
41193778
41204420
41387457
41443881
41488631
41545304
41783325
