12689940
16344988
1657377
17535031
17551011
19387848
19787240
19964169
20582416
20951750
22429348
22823110
22858865
23196890
23792568
24281185
24338134
24835696
26390181
26433823
26467143
26674251
26937234
26988985
27234890
27298410
27339426
27515299
27779616
28193627
28345026
28436963
28981385
28982862
29095681
29097493
29137714
29144754
29334371
29769148
29914561
30008259
30231333
30302280
30388456
30676126
30796212
30853982
30856290
30933545
30972741
31081549
31111237
31193737
31341104
31422446
31486043
31486045
31497341
31560378
31650025
31676387
31694938
31744296
31812724
31874424
31877023
31916125
31959727
31977479
32122548
32182828
32192326
32253714
32299493
32379004
32390599
32492452
32522457
32577835
32626712
32631270
32665126
32690667
32726977
32798741
32838931
32855157
32930107
32933538
32992948
33163283
33204397
33213031
33256804
33303685
33396317
33453632
33498757
33507915
33513935
33531370
33531565
33538860
33542131
33561397
33568347
33590326
33593882
33679747
33716044
33719631
33771666
33883177
33908449
33961843
33966611
34058542
34205379
34387805
34453999
34498289
34544375
34566407
34578321
34638308
34707035
34753889
34757194
34769123
34826423
34980128
34999916
35062322
35069586
35105962
35131133
35141014
35199647
35316844
35338089
35355680
35474500
35486097
35488273
35551657
35621637
35657017
35740542
35779857
35793428
35875611
35962880
35969778
35981098
36029352
36032113
36090978
36138151
36150390
36160466
36175037
36233289
36253271
36266192
36299168
36302879
36311701
36321062
36382735
36382950
36403209
36604694
36629350
36631681
36638586
36638788
36641842
36654598
36674809
36724958
36755342
36756111
36769093
36779813
36785760
36800443
36845705
36849267
36855886
36856069
36944780
36957974
36959781
36993533
37062020
37086369
37133969
37142291
37191353
37200112
37229837
37305390
37343780
37350109
37363954
37377898
37384818
37414634
37444378
37445949
37552839
3756783
37608028
37635168
37648247
37654972
37668906
37674529
37675296
37704614
37730105
37773210
37793856
37795042
37795090
37834874
37841530
37863773
37908728
37932511
37952597
37953617
37958913
38013142
38019919
38022251
38022659
38076985
38104104
38158477
38168996
38181115
38191799
38193381
38225106
38232332
38268926
38273121
38286828
38302646
38312842
38336902
38339251
38349406
38396841
38409751
38411373
38469059
38485186
38576614
38583833
38596301
38610925
38614074
38702343
38735161
38768122
38782542
38789670
38807589
38818974
38821716
38838927
38842606
38858600
38869192
38877461
38889339
38894534
38915784
38916713
38959670
38973154
39060020
39061198
39076988
39089738
39098278
39105814
39121849
39133276
39136542
39146792
39151414
39155358
39191730
39225150
39255774
39293238
39293525
39311156
39343834
39373029
39392009
39410046
39438074
39463304
39470962
39485256
39496095
39555054
39568154
39572525
39588148
39603977
39633321
39669573
39694268
39698701
39699928
39721295
39789476
39798545
39800374
39833784
39841955
39855503
39869016
39888507
39913893
39913958
39925817
39932529
39939139
39948424
39954173
40004731
40016450
40054657
40066453
40095378
40098061
40107242
40131263
40152219
40202784
40203215
40217292
40220027
40227534
40247651
40248897
40276508
40279090
40305346
40335368
40355283
40364843
40383023
40386781
40389374
40391872
40399581
40407722
40413007
40436347
40442785
40478935
40504865
40512146
40516842
40536073
40539045
40539068
40557547
40558528
40561430
40592776
40607397
40623177
40629403
40629510
40675157
40676479
40725022
40749417
40760734
40784086
40801642
40804279
40813394
40827547
40890106
40891130
40920359
40934881
40952557
40959085
40961556
40977706
40991899
40993621
41002441
41010985
41030443
41038761
41041043
41049010
41088223
41132667
41136602
41141584
41151612
41159031
41167225
41173361
41175341
41187575
41226782
41231502
41238218
41250081
41251836
41282762
41314978
41317093
41322103
41377366
41377431
41377933
41379034
41387030
41394272
41394807
41425703
41441852
41441899
41454366
41463198
41469991
41472726
41476983
41479562
41488631
41501884
41514653
41519360
41536497
41564866
41597174
41606121
41632561
41641635
41662350
41711595
41720271
41720607
41744786
41762483
41775435
41781019
41800095
41801404
41844942
41845089
41846252
7531018
