17224645
18596382
24225203
2482821
26862770
31444292
31628016
31694888
32226777
32614759
32847977
32850308
33080774
33086019
33144698
33945357
33972125
34068775
34482104
34808377
34883030
35199647
35326718
35454925
35639236
35812042
35839284
35840560
35846349
35893817
36039063
36104949
36220835
36306728
36703794
36754434
36763234
36842876
36907051
37366877
37552839
37665740
37953242
37955637
38036250
38039777
38067345
38077396
38148492
38227666
38349201
38461088
38729264
38848742
38877461
38950309
39001941
39357262
39939955
39949944
39966970
40266436
40362535
40422825
40495024
40532498
40551322
40640144
40696802
40819510
40889189
41041265
41159031
41760592
9607419
