22033517
26719576
30885978
31323969
31848460
32661116
33054085
33520703
33781320
34253590
35163134
35190963
35251496
35381875
35459624
35597960
35732350
35860442
35874698
36101937
36618922
36632566
36873569
36894539
37111346
37114426
37151176
37190168
37287117
37420216
37504327
37563685
37646658
37767564
37855056
38245601
38254683
38268493
38345397
38364355
38429446
38698840
38845015
38889435
38933272
38983860
39105814
39134535
39191731
39660861
39723764
39855710
40066440
40098061
40129986
40268898
40291594
40300855
40343678
40473272
40517540
40631904
40700574
40744997
40751114
41193778
41387457
41511330
