22033517
22623951
23440494
23749887
24192821
26397305
26931795
27535093
27561100
27642590
27889646
28518093
28919752
29533782
29606854
29660759
29988525
30269007
30889466
31191001
31311810
31315674
31447348
31590683
31819438
31899582
31940588
32122376
32182828
32215876
32400970
32457312
32563252
32755579
33032822
33116571
33352723
33440842
33646064
33658617
33671579
33674744
33723260
33922052
33927729
34066020
34070674
34140467
34172532
34195090
34222009
34282188
34373746
34475869
34518297
34904812
35444283
35499393
35619904
35620395
35642638
35751457
35815688
35876858
35882447
35886427
35921524
35952757
36082022
36082969
36123603
36148678
36159999
36275669
36311734
36327799
36362089
36413881
36459691
36476493
36611214
36611875
36640333
36703794
36761762
36765594
36792166
36793373
36813666
36865165
36872947
36879708
36884217
36969187
36991198
37108451
37160887
37207130
37294948
37400932
37445949
37446144
37488947
37509303
37711615
37756561
37759484
37779866
37815873
37878724
37892162
38010777
38032111
38069409
38191799
38205802
38248092
38256120
38260214
38275587
38347608
38374055
38403634
38474178
38541242
38566237
38595994
38642937
38721172
38757346
38767454
38863707
38910324
38940019
38965423
38993641
39033780
39043602
39105878
39118097
39265497
39272193
39282574
39378056
39433427
39456787
39464892
39468753
39510841
39526448
39594628
39638782
39652449
39669575
39728429
39730440
39791278
39868490
39924751
40005517
40045156
40045411
40051775
40066359
40102896
40126684
40148314
40191042
40192976
40207199
40243501
40293943
40443068
40475770
40515479
40611295
40612876
40619274
40640144
40713697
40755782
40767886
40813394
40862711
40872773
40907495
40969763
41007874
41091103
41096794
41256843
41261913
41313802
41347070
41354809
41383608
41540835
41652014
41668072
41798957
41804857
41825107
