11570977
19074849
20202214
23381814
23650499
24024571
24986120
25867139
26719532
26870371
27572065
27587968
27659702
27693939
27861546
27956791
27958223
28750659
28924200
28932093
28983745
29180759
29254205
29385739
29854763
29984761
30341213
30611280
30796212
31029111
31061552
31101022
31164823
31322205
31409607
31635070
31694943
31719057
31780711
31787750
31903153
31995555
32037829
32122376
32130786
32410380
32639661
32756381
32946773
33004686
33008426
33093457
33213031
33256804
33268569
33504974
33643692
33676427
33763295
33816784
33828203
33864144
33920118
33922052
33922406
34031433
34034685
34110490
34163121
34229458
34233640
34247201
34279055
34366607
34568040
34804927
34819143
35064087
35122074
35128843
35158903
35323123
35328658
35348320
35372046
35407555
35433483
35582385
35632759
35692753
35710424
35740542
35741028
35973687
36042555
36048239
36212775
36216618
36224645
36243711
36319895
36449280
36452477
36463226
36466871
36604694
36619294
36634919
36687122
36701651
36703794
36714582
36765594
36781839
36800443
36817448
36831298
36831465
36851497
36860656
36901812
36949454
37031291
37046674
37072351
37165196
37259920
37323470
37369808
37433774
37439437
37441902
37475048
37476590
37488598
37550634
37554264
37568782
37661565
37666373
37691923
37792639
37870196
37880707
38054080
38063199
38087365
38168996
38183010
38201305
38227666
38260214
38279989
38308196
38326344
38330461
38411395
38463885
38467634
38468289
38474359
38487722
38489548
38525013
38629456
38650005
38664705
38711517
38721172
38756774
38835055
38863971
38883421
38950309
38976715
38978106
38986529
39043602
39044834
39054529
39118942
39154092
39232496
39240078
39322584
39325256
39335494
39351436
39457005
39500552
39610376
39654063
39698701
39770508
39785683
39791278
39812376
39830516
39830952
39833784
39837982
39891760
39896279
39898020
39939414
39972124
39995672
40017149
40025472
40050802
40051775
40067898
40091075
40092962
40125427
40138743
40139834
40170848
40192976
40202784
40282924
40289661
40299475
40356913
40365291
40416959
40420025
40422825
40465005
40514068
40542009
40563656
40612876
40640144
40697230
40698084
40700478
40707984
40723238
40764600
40806185
40832328
40848256
40851065
40861475
40879173
40918142
40923270
40924501
41098733
41100061
41112307
41132667
41135950
41136602
41142819
41149494
41154706
41203044
41209702
41222719
41238218
41253490
41266946
41273281
41303473
41303512
41315287
41322103
41326371
41372740
41377431
41403943
41415544
41460301
41469665
41514653
41519804
41540424
41554743
41592550
41635510
41654971
41705232
41868241
41878443
41879036
