16506069
19386137
19563641
19786982
19997110
19997112
20159824
22187023
22257467
22509396
22858865
22911830
23237221
23774040
25072507
25179590
25205025
25246816
25354827
25719540
26079252
26296371
26449559
26814609
26907717
27106131
27113966
27136743
27150293
27336586
27913213
28108545
28350785
28588059
28851861
29211405
29463549
29594551
29792650
29943219
29957755
29960750
30045668
30117172
30413115
30986263
31006104
31016228
31164823
31171481
31179538
31294141
31329516
31560378
31641103
31719100
32086346
32097050
32533247
32661432
32701978
33044685
33245955
33302945
33334906
33384955
33504974
33671107
33882773
33977352
34013821
34066020
34135475
34162858
34349171
34433890
34487074
34513653
34671902
34696515
34884583
35236203
35236338
35474600
35534217
35750683
35921524
35993978
36008254
36058811
36114082
36139135
36160466
36195918
36255393
36295568
36323882
36358940
36420962
36495660
36572706
36920492
36932416
36948922
37002234
37174127
37415740
37554896
37596619
37842237
37934606
38001987
38191799
38195916
38256945
38302933
38446353
38525011
38630886
38632563
38654015
38688960
38721172
38727256
38789450
38801069
38846356
38948931
39057142
39101639
39113562
39303279
39318358
39353441
39607114
39607612
39698570
39735354
39791278
39856701
39964352
40089067
40234089
40251973
40266437
40358194
40450573
40488739
40510029
40545780
40553569
40554389
40610675
40676580
40699333
40709190
40801642
40817649
40851065
40859874
40862963
40957713
41002546
41009609
41145584
41235005
41238218
41261087
41342316
41401176
41488631
41493473
41495048
41568144
41629133
41720607
41744855
41746058
41809804
41860961
