10194560
11052501
11116525
11208360
14680583
16211395
17079217
17668937
18774758
19846922
20501734
20682173
21191835
21293939
21656761
22648257
22858865
23354363
2482821
25758333
25854350
26373887
26919657
26950088
28064222
28303729
30611280
30747646
31152785
31307409
31646777
32299493
32557832
32718998
32767235
32938326
33100084
33138715
33722612
33927729
34415995
34472721
34642211
34847476
35018729
35053609
35840560
35914074
36001933
36032113
36092638
36160466
36185858
36271359
36435236
36682726
36798379
37069710
37175509
37408858
37500144
37542862
37569894
37788737
37797662
37858275
37890990
37955637
37991726
38036250
38069146
38193381
38262242
38315003
38318175
38323364
38512420
38519053
38554158
38630886
38729264
38765008
38766189
39121719
39485838
39512363
39586931
39625239
39962391
39983725
40063153
40072062
40126545
40202784
40344963
40480657
40581703
40675157
40693391
40739577
40794452
40813394
40911899
40915448
41074426
41132667
41146171
41151612
41240535
41310376
41441952
41451200
41545304
41680566
5622502
605190
7531018
