21878233
22509396
22619526
23471912
23972655
24617941
24853427
25268975
25670331
26148236
26996446
27119111
27305763
27815355
27999738
28053531
28123298
28436963
28919752
29097493
29254205
29420595
29575297
29768208
29983890
30104875
30133493
30140154
30151798
30339360
30346394
30347751
30348269
30454645
30796212
30804551
30881202
30902832
30978253
31164823
31311810
31635070
31780711
31899582
31903156
31959727
31969562
32001695
32128416
32169869
32241808
32300176
32400970
32410380
32467316
32499641
32571799
32607098
32624697
32661116
32718998
32827460
33004686
33093457
33114476
33199510
33245955
33256913
33262221
33311488
33326793
33328345
33333017
33411765
33420008
33473101
33513992
33531565
33538860
33589527
33643696
33664850
33679747
33707946
33741730
33828203
33857424
33878705
33995609
34031618
34050151
34110490
34135475
34149701
34189144
34195677
34205379
34222009
34247201
34281987
34282188
34353334
34415995
34454516
34456921
34469736
34475869
34544375
34550356
34577800
34582788
34646381
34663427
34707035
34746864
34815789
34872567
34901564
34948316
34963897
35024441
35038238
35039048
35053609
35090484
35122074
35127707
35128843
35129050
35185876
35199647
35217990
35247877
35250995
35255601
35256958
35265614
35285582
35286311
35338126
35396921
35399605
35444283
35452603
35483375
35486592
35488273
35499393
35534566
35562840
35593226
35618935
35686214
35711141
35797353
35800155
35814377
35818395
35846349
35847495
35874675
35882447
35889257
35893817
35959373
35962880
36002574
36038676
36053276
36070228
36077152
36092638
36101937
36139135
36163365
36180906
36223560
36226063
36230638
36245000
36255393
36267767
36271379
36278159
36307882
36311701
36313716
36318118
36338124
36356142
36382633
36403209
36405755
36438484
36438485
36452492
36476935
36479819
36529796
36540822
36569935
36579327
36593962
36599192
36600534
36607839
36609769
36618068
36618357
36638788
36650023
36671475
36671876
36683155
36717184
36720762
36761762
36779699
36781600
36787533
36795124
36817448
36850263
36851274
36854570
36860656
36865165
36909522
36944780
36951942
36957974
36970209
36993533
37114242
37122707
37165196
37193644
37201179
37224816
37252797
37258521
37259079
37287117
37294948
37299224
37315301
37323470
37364935
37377898
37398889
37428918
37429007
37433774
37451822
37456850
37502970
37522838
37530575
37532731
37537626
37559159
37583696
37587833
37604643
37620320
37626073
37648261
37651540
37675296
37691923
37734877
37737478
37762490
37799382
37824808
37846332
37863651
37866880
37870196
37871327
37884486
37889752
37894816
37958913
37967193
37969406
37980476
37987734
37992682
38003245
38022659
38023726
38032117
38038772
38052854
38076985
38099496
38102658
38131782
38139386
38164146
38168996
38197613
38200551
38239299
38245601
38250045
38258070
38272345
38279989
38286828
38296599
38330461
38331967
38342612
38349008
38352859
38374055
38375030
38379935
38396776
38410201
38427724
38467634
38468289
38473379
38492569
38501978
38514186
38528670
38542447
38551501
38571953
38572783
38584391
38609488
38612786
38622716
38623558
38640836
38642937
38660023
38664705
38670095
38696168
38701405
38704691
38720892
38721587
38730256
38742454
38750034
38807759
38819691
38846356
38849886
38858780
38868778
38882639
38886116
38886830
38889435
38910324
38914844
38915784
38918812
38933272
38937436
38943249
38948248
38954079
38961290
38962811
38978106
38985302
38986529
38987747
38988947
39026671
39033780
39048914
39060020
39081513
39105814
39123089
39144246
39165679
39166458
39175882
39186778
39191130
39191730
39210507
39210987
39213364
39240078
39242595
39255035
39305483
39329125
39353441
39357981
39376991
39380046
39385213
39390972
39392882
39409901
39410046
39425127
39433427
39457005
39457563
39502695
39502829
39542653
39545921
39557959
39588148
39594628
39604730
39606562
39610376
39614368
39615894
39617755
39639359
39657136
39660134
39696618
39698701
39723764
39735354
39739618
39747865
39747873
39749925
39762718
39793480
39794937
39809265
39812376
39824180
39868490
39874200
39904774
39910301
39925817
39931252
39951377
39966970
39972124
39976981
39984913
39985225
40017508
40029253
40040691
40045363
40056273
40066453
40070841
40072566
40075351
40076777
40082588
40098061
40114032
40121208
40125434
40141097
40165319
40181964
40187752
40187754
40191207
40195559
40207199
40223272
40234089
40234667
40245752
40251973
40255674
40272913
40289661
40321808
40338058
40340863
40350205
40358194
40358739
40365291
40423138
40432113
40443649
40447312
40458686
40460374
40473462
40490790
40499141
40504865
40512146
40514068
40518291
40519325
40521192
40529859
40539045
40542009
40543510
40554389
40574864
40586719
40595495
40600185
40604285
40607397
40611295
40615674
40640393
40653819
40657740
40698351
40699333
40701653
40707958
40725231
40733515
40755782
40775400
40779733
40789685
40789740
40792105
40804279
40805133
40805277
40832328
40835706
40861475
40872773
40881578
40884462
40888053
40893363
40898321
40903191
40924501
40948427
40982437
40994623
41002546
41002591
41030443
41053536
41062714
41067881
41089727
41102168
41104047
41112295
41131392
41131861
41136631
41141584
41222719
41226782
41238218
41251836
41253489
41261087
41271729
41286899
41291120
41309872
41310903
41313664
41313802
41338221
41346710
41366257
41372740
41377366
41377431
41381218
41390513
41394272
41408054
41451168
41453774
41472305
41479562
41479921
41480208
41481741
41493473
41510159
41525248
41526899
41564857
41564866
41572139
41580517
41583427
41601657
41616936
41635510
41648503
41654971
41662350
41664042
41680566
41708868
41722564
41816606
41844571
41850242
41860961
41868241
