22086447
22275826
24162015
24676085
25153727
25482950
26367393
26909114
26919657
26933175
27106131
27535093
27597657
27779616
27832093
28346389
29144754
29180759
29195073
29988525
30341213
30481959
30573951
30613291
30885978
30972741
31048681
31081549
31315674
31409607
31410214
31451760
31534329
31581445
31588193
31676387
31819438
31995555
32144446
32158622
32209571
32368047
32631270
32759235
32821097
33177823
33204397
33232299
33268569
33311561
33328215
33334906
33447030
33568347
33603343
33632266
33643692
33658617
33676427
33707944
33811153
33820820
33879173
33882773
33922052
34040370
34060602
34063642
34135582
34162858
34229458
34315854
34341066
34514094
34566407
34725191
34753889
34922008
34987634
34989170
35027829
35154485
35163675
35216400
35236203
35251496
35276062
35317519
35338089
35355980
35568916
35592098
35642638
35710424
35795092
35815688
35969778
35971187
35972384
36042555
36097280
36168634
36212775
36228090
36243711
36310169
36405739
36430552
36452477
36457858
36460335
36560800
36619294
36683744
36713447
36720496
36768352
36855120
36878534
36914208
37012357
37051250
37151176
37153626
37192893
37210563
37259060
37312610
37325626
37359558
37433716
37554264
37573354
37654972
37679769
37775098
37789342
37820722
37891570
37914681
37932012
37933299
38004594
38037288
38063199
38087365
38191799
38268001
38278522
38280084
38316463
38334638
38373953
38396172
38406602
38445633
38489548
38496503
38525011
38554158
38595994
38596301
38596304
38623463
38635884
38698840
38700775
38702343
38750591
38766189
38811964
38862461
38883421
38889339
38893156
38916448
38948931
38961326
38964787
38973161
38993641
39043602
39043763
39051482
39060022
39106105
39128990
39203014
39209877
39299564
39380383
39389985
39396375
39403328
39409870
39436709
39478560
39500897
39531509
39548594
39568154
39576858
39606809
39608124
39631848
39631851
39651805
39654063
39671912
39679828
39718207
39760515
39770508
39783849
39800374
39830516
39848686
39877156
39886906
39896279
39941980
39960349
39962391
39988346
39994712
39995672
39996528
40038780
40040833
40050802
40067898
40092962
40098106
40165796
40170848
40244544
40293187
40294549
40299475
40300855
40341025
40365750
40385495
40406146
40414874
40416959
40442785
40443068
40465005
40495695
40502368
40542357
40558528
40567832
40574860
40589329
40665352
40665962
40668928
40676580
40698840
40700574
40707984
40738981
40789065
40794452
40815657
40836888
40848256
40855307
40873562
40882030
40918142
40918942
40929270
40943370
40944718
40957713
40977659
40993398
41006228
41008934
41041043
41053808
41084982
41088223
41133967
41138491
41140808
41155526
41184322
41208966
41214683
41238220
41252775
41266946
41276526
41303512
41328155
41334581
41344600
41366157
41381536
41424865
41438381
41501774
41554743
41560310
41591580
41613119
41622222
41629133
41663428
41695484
41781019
41788857
41803088
41850740
41858575
