27298410
29468134
31903153
32912922
33203644
33513935
33542131
34407687
34471091
34615718
34991708
35890409
36248865
36271359
36387105
36474303
36928921
36959781
37008834
37087488
37120591
37142291
37223099
37593227
37901233
38024475
38310192
38325225
38345397
38372727
38378555
38468503
38583184
38584166
38782542
38892779
39414325
39461878
39551600
39572525
39623529
39825061
39867719
39908461
39920148
40091844
40107242
40248696
40293533
40293943
40439479
40515479
40555560
40693391
40698084
40726978
40789743
41037766
41052881
41117996
41164188
41234596
41256321
41317730
41357181
41652014
41672594
