20866097
21528889
22242035
24579667
26819347
27510264
27579292
27668386
27956791
28445252
29553135
29566612
29660759
29943219
30016571
30105219
30352606
30426287
30448873
30853982
31202359
31548600
31590683
31877341
31903120
31947597
31955490
32029263
32050597
32130786
32245497
32317755
32391013
32411132
32411789
32415407
32423475
32478924
32544282
32560392
32570906
32577835
32626712
32707148
32718830
32734509
32739874
32796761
32811551
32883316
32903482
32973401
32983080
32992948
33008426
33015169
33025047
33086754
33117331
33154756
33172438
33177494
33179413
33207607
33207653
33232188
33241674
33297561
33304778
33324565
33431631
33442407
33466735
33496872
33520703
33563662
33628850
33641576
33654395
33670942
33671579
33722479
33755377
33760188
33781320
33795234
33802203
33808217
33808562
33809187
33855089
33919245
33920118
33927729
33933160
33941852
33972125
34000441
34026428
34035114
34066020
34073865
34089485
34094969
34095145
34123767
34134774
34162429
34163121
34195090
34203292
34206677
34208264
34209981
34215336
34215565
34248965
34267518
34295682
34332591
34366607
34367185
34376376
34412685
34423001
34446084
34452286
34452316
34452630
34462190
34485921
34559020
34568040
34578321
34579759
34638308
34638609
34642211
34671902
34685652
34733287
34747345
34769123
34798542
34830205
34830212
34840111
34858835
34894519
34904812
34920978
34944804
34975896
34976195
35008832
35008915
35027068
35051883
35069599
35095911
35111663
35140720
35199207
35205750
35211124
35265074
35265206
35269390
35269424
35280746
35289077
35298796
35300341
35303871
35328658
35337340
35344682
35348320
35361234
35372046
35407555
35432319
35444235
35463343
35474500
35488303
35492880
35508982
35577501
35592358
35612653
35625709
35642676
35692753
35708734
35719333
35720301
35740542
35741103
35750683
35757563
35759082
35784280
35806051
35831624
35841869
35858470
35860442
35874698
35886427
35911695
35935930
35936003
35976306
35990652
36000807
36015275
36018330
36046833
36047968
36048239
36057673
36076996
36090974
36139078
36154607
36159999
36160466
36161045
36174631
36177041
36190661
36195918
36200139
36221123
36233289
36248810
36254536
36261831
36279081
36280438
36290817
36311728
36311734
36311781
36312814
36341440
36343977
36384676
36389701
36400016
36401282
36402738
36423037
36429054
36437106
36452227
36466871
36479842
36503716
36505437
36512081
36549782
36567305
36569859
36591226
36600243
36604694
36618408
36618922
36627710
36635761
36645225
36650384
36654598
36658631
36686771
36703971
36714582
36721153
36726126
36734039
36750253
36755342
36755812
36762937
36768432
36768924
36776368
36776869
36785760
36793863
36797756
36829187
36835091
36880651
36899885
36911704
36916200
36923404
36948187
36960932
36971124
36999013
37009262
37020537
37042029
37046777
37064872
37083979
37100972
37111346
37165457
37168380
37173782
37179515
37190019
37190168
37217462
37239368
37261348
37294501
37298631
37325516
37338497
37398660
37420174
37420216
37425981
37426674
37426676
37427115
37445949
37446050
37446806
37449673
37457699
37476590
37495877
37501154
37504327
37511148
37511163
37511998
37514158
37520520
37539054
37541690
37551952
37564196
37569377
37569894
37600822
37612832
37626420
37627206
37631987
37635168
37646139
37698765
37736099
37744371
37766141
37770953
37772505
37795042
37796104
37799719
37830150
37841530
37860928
37904863
37908366
37916157
37955340
37958672
37974170
37978542
37993941
37999101
38005938
38006049
38009779
38035338
38041509
38048782
38067345
38067480
38071310
38077327
38077402
38082435
38090060
38104104
38162667
38167076
38178200
38187314
38201305
38226619
38238340
38241975
38243252
38248092
38249077
38254683
38256021
38256120
38256945
38257851
38282471
38292487
38297372
38302933
38339251
38347608
38348027
38389844
38390330
38391024
38424590
38433193
38449862
38474178
38475778
38481068
38495485
38525013
38543535
38545126
38546323
38558795
38576614
38576617
38581063
38607007
38612911
38617537
38622735
38631285
38638442
38641773
38665224
38673757
38679698
38680498
38693104
38725667
38727262
38730427
38731910
38745666
38751572
38756774
38769583
38773064
38779672
38789450
38799440
38799699
38801069
38816739
38816881
38821716
38828205
38832007
38835055
38886844
38891772
38891962
38892913
38893132
38895146
38903520
38919017
38928301
38928445
38933335
38948057
38948681
38962002
38962014
38983668
38990440
38994758
39044834
39050878
39051705
39058879
39066365
39090431
39091493
39114662
39118151
39118942
39119332
39123202
39134804
39167629
39178538
39191731
39192979
39196415
39199421
39199637
39223798
39227970
39238638
39247199
39252116
39264449
39273642
39301033
39308543
39311156
39315107
39325256
39329700
39333227
39336577
39336785
39351436
39351441
39367418
39372415
39398428
39401002
39407665
39417449
39420366
39427436
39430751
39443938
39450056
39451213
39455854
39456909
39461979
39464892
39467702
39468753
39483139
39483548
39537767
39539554
39553460
39567756
39569202
39577073
39582866
39599889
39605063
39632107
39633321
39660130
39664377
39669573
39684701
39684867
39691714
39696340
39696697
39697335
39703512
39707376
39713205
39713223
39722028
39731215
39735789
39745117
39762875
39766134
39769267
39769279
39769944
39805063
39809756
39820726
39826104
39833784
39835140
39840031
39848687
39855710
39856676
39859572
39861805
39871899
39873980
39877359
39895632
39897050
39902185
39904189
39921214
39921482
39925678
39925801
39939414
39971377
39975543
39980806
39990685
39995677
40004731
40005517
40006021
40012708
40013133
40025566
40041887
40041906
40045156
40045411
40047620
40051775
40066440
40070819
40072049
40075663
40092697
40098971
40112501
40119465
40129250
40135802
40142250
40148310
40166981
40175681
40180421
40191042
40192976
40197318
40201309
40204707
40205818
40207307
40208053
40214484
40223062
40227773
40244246
40248194
40266436
40266437
40277742
40281554
40291594
40299564
40300858
40303342
40308611
40308645
40309350
40314129
40319304
40327249
40332761
40333678
40336045
40341033
40342932
40356913
40357397
40362535
40364013
40370433
40375990
40382641
40385494
40386781
40388736
40397376
40406094
40422211
40422251
40428391
40429787
40442774
40457437
40469310
40474033
40480218
40481182
40481543
40484955
40488739
40496863
40510353
40517540
40521198
40530896
40534854
40535838
40536073
40539068
40542948
40545780
40546803
40548119
40550903
40572608
40575948
40589931
40598593
40606990
40612869
40612946
40619274
40619749
40629902
40649958
40650799
40654336
40661955
40675157
40675967
40685330
40697230
40698086
40709190
40713639
40713697
40715107
40723238
40725022
40728126
40739089
40739670
40760734
40767886
40770084
40771804
40772339
40777004
40777022
40783392
40785950
40797262
40801569
40801642
40805178
40821119
40825677
40827547
40842554
40843356
40846970
40849659
40849827
40854817
40861473
40862711
40869030
40872531
40873588
40879173
40909921
40910255
40919131
40927712
40927726
40932272
40935417
40936722
40945517
40948290
40948781
40952644
40959054
40963596
40968311
40970572
40973047
40974479
40977706
40988453
40991899
41000377
41002441
41007751
41007774
41007874
41010985
41012702
41019052
41019358
41020873
41024885
41033072
41036598
41039566
41049741
41057853
41058738
41059491
41068915
41073827
41084514
41096581
41105967
41112042
41120252
41124828
41132663
41137066
41146171
41146651
41154706
41159033
41163074
41163383
41168621
41174733
41179284
41180369
41181090
41181132
41185751
41186143
41193778
41200165
41203044
41209565
41209702
41228258
41235005
41235226
41246300
41250081
41256852
41257772
41267750
41273281
41277911
41278473
41280925
41281744
41294832
41294877
41295487
41301443
41303473
41305642
41314288
41315764
41322140
41328341
41335282
41342316
41346587
41347753
41354809
41357193
41365534
41377933
41384994
41385334
41387457
41394807
41394818
41394868
41403286
41415544
41417728
41425703
41438130
41438742
41440025
41443881
41451200
41451226
41454366
41454610
41460301
41463198
41465382
41465586
41469665
41469991
41473689
41474664
41486167
41495048
41496455
41497186
41498910
41509977
41511330
41517680
41517810
41522099
41543784
41545304
41550155
41550169
41559435
41560593
41568291
41579215
41589006
41597174
41601628
41606514
41612728
41613151
41622931
41629271
41630477
41639062
41645252
41651454
41654811
41683874
41684840
41689608
41689696
41710577
41720607
41737211
41739670
41744786
41746058
41746109
41752108
41756179
41756289
41789078
41800020
41800095
41800246
41809804
41822903
41823246
41827827
41828476
41833681
41846252
41846864
41852409
41853278
41853314
41869409
