11570977
12657164
16506069
17551011
18362931
18676776
18829444
18983911
19074849
19386137
19387848
19563641
19786982
19997110
19997112
20159824
20191380
20202214
20492723
20525379
21593790
21856766
21998736
22033517
22180520
22187023
22257467
22275826
22306341
22509396
22514558
22586319
22619526
22623951
22648257
22778154
22815798
22858865
22911830
23237221
23337959
23381814
23440494
23637769
23650499
23749887
23774040
24024571
24039828
24043975
24138843
24162015
24192821
24264763
24393333
24460801
24562770
24602180
24676085
24853427
24986120
25034326
25072507
25179590
25205025
25246816
25268975
25337876
25354827
25363302
25367065
25412401
25482950
25652758
25670331
25719540
25826087
25867139
25886376
25928327
25994543
26079252
26112902
26116172
26296371
26397305
26422386
26449559
26625208
26672603
26672742
26719532
26763248
26793003
26814609
26852219
26870371
26907717
26909114
26919657
26931795
26933175
26949038
27020857
27060208
27102814
27106131
27113966
27119111
27136743
27150293
27179038
27305763
27328312
27336586
27429587
27447746
27448221
27495906
27535093
27559053
27561100
27572065
27587968
27597657
27642590
27659702
27693939
27699275
27748048
27837054
27861546
27889646
27913213
27931178
27956791
27958223
27999738
28045625
28053531
28108545
28138868
28151483
28181425
28266600
28288572
28350785
28358361
28428881
28436963
28445252
28454566
28493544
28518093
28533703
28580436
28588059
28649657
28659146
28681243
28732031
28750659
28851861
28919752
28924200
28932093
28983745
29180466
29180759
29195073
29198959
29211405
29254205
29385739
29431697
29433469
29463549
29533782
29558871
29592899
29594551
29606854
29660759
29662080
29694357
29695251
29743117
29769148
29792650
29854763
29864117
29943219
29957755
29960750
29983890
29984761
29988525
30045668
30104875
30117172
30140154
30151798
30206110
30240926
30269007
30341213
30346394
30348269
30352606
30413115
30465255
30481959
30486871
30590310
30611280
30613291
30665463
30697064
30796212
30889466
30902832
30911535
30978253
30980700
30986263
31006104
31007609
31016228
31029111
31061552
31101022
31111237
31130474
31164823
31171481
31179538
31191001
31193737
31227775
31237050
31290413
31294141
31307409
31311810
31315674
31322205
31329516
31385006
31388935
31401938
31409607
31410214
31444923
31447348
31451760
31560378
31571924
31575086
31581445
31588193
31590683
31623083
31635070
31636445
31640747
31641103
31694943
31719057
31719100
31759373
31780711
31787750
31788443
31819175
31819438
31819829
31823471
31842288
31861079
31893287
31899582
31903153
31930723
31940588
31956003
31995555
32005245
32018052
32029902
32037829
32086346
32088363
32091598
32097050
32098629
32122376
32130786
32138738
32142642
32144446
32152504
32158622
32182828
32194852
32209571
32215876
32215970
32217765
32238925
32296018
32300176
32323103
32368047
32381006
32398948
32400970
32410380
32457127
32457312
32459400
32483861
32487115
32532291
32533247
32552718
32560232
32560392
32563252
32607098
32624697
32639661
32655266
32660617
32661432
32699630
32701978
32755579
32756381
32759235
32764966
32767058
32821097
32827460
32848130
32899415
32908313
32943648
32946773
32968206
32992948
33004686
33008426
33025047
33032822
33034269
33037191
33044685
33048619
33093457
33099812
33114476
33116571
33148288
33172883
33199510
33203644
33205017
33209596
33213031
33245955
33255340
33256804
33262221
33268569
33302699
33302945
33312344
33324565
33334906
33338804
33352723
33384955
33389616
33400401
33411765
33440842
33447030
33466735
33473101
33482908
33487630
33499282
33504974
33507706
33507915
33513992
33516195
33532002
33552839
33575350
33603343
33614492
33632266
33643692
33643696
33646064
33650321
33658202
33658617
33664850
33670942
33671107
33671579
33674744
33676427
33707946
33723260
33762577
33763295
33771231
33784931
33802129
33802203
33816784
33825033
33828203
33864144
33878705
33882773
33882892
33920118
33922052
33922406
33922974
33927729
33929971
33972125
33977352
33996545
34013821
34031411
34031433
34034685
34039647
34040370
34060621
34063642
34065602
34066014
34066020
34070674
34073865
34074330
34074654
34110490
34118951
34135475
34135582
34140467
34157016
34160684
34162858
34163121
34172532
34189144
34195090
34198859
34208264
34222009
34229458
34233640
34247201
34279055
34281987
34282188
34295655
34295682
34307839
34329783
34349171
34353334
34366607
34373746
34376376
34402329
34423001
34433890
34471091
34475869
34487074
34506955
34513653
34518297
34522178
34522226
34548332
34559020
34568040
34573015
34577800
34578339
34582788
34605326
34608130
34621019
34630085
34638308
34642211
34655667
34656791
34663427
34666780
34669238
34671902
34674796
34696348
34696515
34707035
34712959
34721024
34721435
34725191
34725507
34745994
34764236
34771499
34798306
34804927
34819143
34820895
34822926
34868055
34872567
34884583
34904812
34926283
34933180
34933803
34943854
34944063
34963897
34964270
34965945
34968306
34969754
34975896
34980128
34991708
35024441
35027829
35039048
35054968
35064087
35069586
35073876
35093119
35098436
35122074
35123413
35127707
35128843
35141145
35154485
35158742
35158903
35163675
35191218
35200543
35216379
35216429
35217990
35227190
35236203
35236338
35246504
35255601
35265614
35269424
35269922
35280088
35280333
35289077
35298796
35300417
35313760
35317519
35323123
35326718
35328658
35338126
35346236
35348320
35355980
35372046
35379737
35380021
35385985
35389825
35396921
35402082
35407555
35415261
35433483
35440675
35444235
35444283
35474600
35481367
35486097
35499393
35534217
35534566
35565338
35575280
35582385
35592098
35601559
35618935
35619904
35620395
35621637
35632759
35636395
35642638
35657956
35661819
35668455
35671636
35673573
35676015
35681619
35692753
35697980
35705580
35710424
35715861
35717822
35720311
35721889
35723065
35740542
35740624
35741028
35747712
35750683
35751457
35774512
35784473
35787728
35814377
35815688
35818395
35840560
35847495
35874675
35876858
35876944
35880569
35882447
35886427
35889257
35890409
35904277
35911695
35912168
35921524
35935930
35948829
35952757
35973687
35984826
35993978
36008254
36010559
36038676
36042555
36048239
36053771
36057637
36058811
36062845
36063818
36072895
36072981
36082022
36082969
36087682
36090974
36093532
36097280
36104949
36114082
36123603
36131933
36139135
36148678
36159999
36160466
36161045
36163365
36172744
36175037
36195918
36212131
36212775
36216618
36224645
36226063
36230517
36230572
36230638
36239794
36243711
36255393
36267767
36275669
36278182
36290817
36293632
36295568
36311728
36311734
36313716
36316440
36319895
36321062
36323882
36325337
36327799
36338124
36341334
36341440
36357174
36358940
36362089
36369329
36369871
36379512
36380155
36393842
36405739
36405755
36413881
36420962
36426359
36430552
36447254
36447337
36449280
36452477
36457858
36459691
36463226
36466871
36474273
36474303
36476493
36476935
36479108
36483066
36495660
36505437
36525476
36529796
36567161
36569935
36572706
36579327
36604694
36609769
36611214
36611875
36618068
36618357
36618922
36619294
36634919
36635979
36638198
36639643
36640333
36645225
36646509
36671475
36671876
36680222
36680249
36686771
36687122
36701651
36703794
36713447
36713578
36714582
36720496
36734039
36754434
36754451
36755269
36756111
36761730
36761744
36761762
36765594
36768352
36769093
36776368
36776873
36781839
36786568
36792166
36793354
36793373
36794651
36795124
36798129
36798234
36799863
36800443
36806375
36813666
36814222
36817448
36831298
36831465
36831698
36836593
36840977
36850263
36851497
36854570
36855120
36860656
36865165
36869202
36872947
36878534
36879708
36884217
36896371
36899885
36901812
36909143
36910721
36911534
36913701
36916200
36920334
36920492
36928921
36932416
36936031
36948922
36949454
36951942
36952231
36957974
36966267
36968653
36969187
36971495
36980246
36982838
36991198
37002234
37009262
37020802
37021811
37022784
37031282
37031291
37031457
37042029
37046661
37046674
37048069
37051296
37057110
37062953
37072351
37081776
37100972
37104963
37108451
37114242
37120591
37122707
37122752
37124680
37139454
37143088
37146146
37151176
37153626
37158856
37160887
37160904
37163283
37165196
37174127
37175833
37175916
37185443
37187119
37187618
37191353
37192893
37193644
37197440
37201179
37207130
37208661
37213481
37223099
37258521
37258563
37259060
37259920
37263673
37272756
37279095
37285593
37287008
37287014
37294948
37296165
37298631
37302522
37315301
37323470
37324948
37327461
37340017
37342383
37346097
37364935
37365326
37369808
37374009
37376101
37389188
37390205
37390981
37397359
37399175
37400932
37401244
37415164
37415740
37416781
37420274
37425981
37426674
37433103
37433774
37439437
37441425
37441902
37444378
37444609
37445949
37446144
37456850
37457125
37457699
37457738
37471457
37475048
37476590
37488534
37488598
37488947
37492581
37496993
37503351
37504334
37509303
37511148
37511163
37511998
37515162
37522838
37539054
37550054
37550634
37552839
37554264
37554896
37559159
37559727
37565053
37568782
37573354
37583706
37587833
37593227
37596619
37604643
37619980
37620320
37634292
37635168
37641004
37641132
37646139
37655051
37658376
37660039
37661565
37666373
37679769
37682196
37691923
37697435
37698765
37704614
37711615
37721518
37741901
37756561
37759484
37762490
37763886
37766219
37769655
37770953
37779866
37792639
37793077
37793856
37799382
37801674
37815873
37817020
37822213
37824205
37830150
37830607
37833968
37842237
37844295
37859740
37863651
37864726
37870196
37878724
37880647
37880707
37889752
37892162
37895893
37901198
37904863
37908722
37914681
37932012
37933299
37934606
37942328
37942404
37947595
37955340
37969406
37970806
37987734
37993945
37997186
37999101
37999111
38000655
38001987
38003215
38003302
38010777
38013142
38019654
38024475
38032013
38032111
38035338
38041544
38050474
38052529
38054080
38063199
38067203
38069146
38069409
38071310
38072400
38087365
38090322
38102658
38137645
38147359
38162667
38164146
38166691
38167076
38168996
38172923
38178138
38179054
38182927
38183010
38188167
38191799
38194023
38194971
38195916
38200551
38201305
38203786
38205260
38205802
38225768
38227666
38241572
38243252
38247202
38248092
38256120
38256945
38258070
38260214
38268926
38271158
38272345
38275587
38278522
38279989
38280084
38291394
38292420
38297372
38302933
38308196
38310091
38310192
38316463
38319231
38325225
38326344
38330461
38331967
38336371
38339010
38339251
38342612
38346938
38347129
38347608
38349201
38356955
38361756
38361936
38372727
38374055
38375030
38379896
38381406
38384472
38391024
38391039
38398191
38399539
38401548
38403634
38404578
38406602
38409585
38410201
38411395
38414525
38440738
38442004
38443363
38446353
38454445
38459559
38462683
38463885
38467634
38468289
38468503
38473415
38473720
38474178
38474359
38482008
38485929
38487722
38489548
38495485
38502947
38508135
38512420
38519913
38525011
38525013
38528670
38530426
38536911
38538285
38541242
38542447
38543535
38566092
38566237
38572783
38574190
38576614
38578637
38580900
38583184
38584166
38595994
38596301
38610042
38611096
38612786
38617536
38622716
38623463
38626769
38628758
38629456
38630886
38631286
38632563
38635884
38640836
38641773
38642937
38650005
38654015
38660023
38664705
38672409
38678042
38679698
38680498
38684648
38685799
38688960
38696168
38700775
38701369
38702756
38704691
38706247
38710956
38711517
38712438
38720892
38721172
38721587
38727256
38730256
38730427
38734764
38750034
38750591
38756774
38757346
38767454
38769830
38770217
38772416
38787209
38789450
38791209
38801069
38807759
38811964
38822328
38824410
38827172
38835055
38840087
38840237
38846356
38855730
38858780
38861602
38862461
38863707
38863971
38877461
38882543
38883421
38884097
38891772
38892105
38892286
38892779
38893120
38893132
38903520
38910324
38916448
38918812
38924675
38937436
38940019
38943512
38948057
38948248
38948469
38948681
38948931
38950309
38951853
38954079
38956700
38961326
38965423
38970078
38975706
38976715
38978106
38983306
38986529
38987747
38993641
38994972
39004699
39020378
39026981
39027362
39030820
39033192
39033780
39034992
39038962
39041239
39043602
39043763
39044834
39051482
39054462
39054476
39054529
39054639
39054866
39057142
39058879
39060022
39060958
39068445
39068460
39068589
39081513
39082679
39086383
39089738
39090431
39095760
39101639
39105814
39105878
39112464
39113562
39117626
39118097
39118942
39119332
39123202
39127670
39128273
39128990
39133171
39136145
39144246
39154092
39155358
39166458
39178538
39183247
39186778
39189367
39192979
39201435
39201787
39211043
39213053
39213364
39216477
39216478
39225560
39227689
39232496
39238638
39239742
39240078
39247714
39252116
39253073
39261955
39265497
39269893
39272193
39272970
39273009
39273642
39281567
39282574
39288077
39288654
39292752
39300154
39301033
39301655
39302614
39303279
39318358
39322584
39325256
39326581
39330050
39335494
39336577
39337633
39339288
39342391
39351436
39351441
39353441
39367484
39378056
39385213
39389985
39390431
39390972
39393036
39396375
39398140
39401002
39403328
39407914
39409870
39409901
39410046
39417449
39425127
39430750
39431644
39433427
39435273
39435274
39449013
39451738
39451775
39456787
39457005
39464892
39467630
39467702
39468753
39469148
39474576
39483139
39485838
39488528
39492586
39494690
39500221
39500552
39502829
39507962
39510841
39516525
39518082
39526426
39526448
39530107
39531198
39531509
39533368
39537963
39538331
39542653
39545921
39548468
39548594
39550213
39555054
39561737
39563352
39569202
39574178
39574346
39577073
39583200
39592417
39594628
39606562
39606809
39607114
39607612
39608124
39610376
39610917
39613742
39614368
39623529
39625239
39631848
39638782
39641253
39650662
39651805
39652449
39653551
39654063
39660126
39660134
39664377
39669573
39669575
39671912
39679828
39684701
39696618
39698570
39698701
39705641
39707376
39713223
39718207
39722028
39728429
39729399
39730440
39735354
39735789
39740007
39744220
39747865
39747873
39751930
39761277
39762718
39769279
39770508
39774458
39783849
39785683
39786401
39791278
39794937
39805063
39806366
39809756
39812376
39820726
39824865
39825061
39825877
39830516
39830952
39833784
39837982
39838375
39845772
39848686
39851512
39851917
39853961
39856676
39856701
39858094
39861845
39868490
39871899
39872770
39874200
39874964
39875558
39878905
39881438
39891760
39896279
39898020
39904774
39910301
39920148
39924751
39925678
39925801
39927795
39931252
39939414
39941761
39946032
39951377
39964352
39971377
39972124
39975543
39979394
39980537
39980806
39984913
39985225
39987121
39989333
39991775
39994712
39995112
39995672
39996528
40005517
40006021
40006691
40008409
40012708
40013133
40013724
40017149
40022699
40025169
40025472
40028328
40038300
40038780
40040691
40040705
40045156
40045411
40050802
40051775
40056186
40056273
40061885
40066359
40066440
40067898
40070819
40072566
40079683
40082588
40089067
40091075
40091844
40092962
40098061
40098106
40098172
40098971
40102896
40108113
40112501
40117942
40121208
40125427
40125434
40126684
40129250
40129986
40135802
40138743
40139834
40141097
40142250
40144682
40148314
40165319
40165796
40166981
40170848
40178042
40180420
40181964
40191042
40192238
40192976
40196673
40197318
40201309
40202784
40203774
40207199
40208346
40217292
40226601
40234089
40236647
40243501
40244544
40245752
40248194
40248696
40250245
40251973
40253354
40255674
40257698
40260289
40260627
40266144
40266437
40272913
40278322
40281554
40282924
40282933
40289661
40293533
40293943
40294549
40297577
40297587
40299475
40303488
40314129
40327249
40327275
40332761
40333678
40344511
40350205
40355283
40356913
40357397
40358194
40359851
40360587
40365291
40370433
40374534
40377687
40384918
40385495
40386781
40387458
40387780
40387863
40388736
40389374
40400023
40406094
40406096
40406146
40416959
40420025
40422537
40422825
40426230
40428391
40432113
40439479
40440060
40440305
40442785
40443068
40447887
40449480
40450573
40458686
40460679
40465005
40469185
40469279
40473462
40474033
40475770
40487169
40488739
40495695
40499141
40500480
40502368
40504865
40510029
40510353
40514068
40514709
40515479
40517246
40519325
40520563
40521192
40530896
40534854
40535838
40539045
40542009
40543510
40544186
40545780
40553569
40554389
40563598
40563656
40567832
40572608
40573134
40574860
40574864
40583763
40586719
40589329
40589752
40595495
40599396
40607397
40610675
40611295
40612869
40612876
40619274
40623177
40624569
40635151
40640144
40641119
40652009
40657894
40659604
40661955
40661984
40662373
40665352
40665962
40673965
40675157
40676580
40679093
40693391
40697230
40698084
40698351
40698840
40699333
40700478
40707984
40709190
40713639
40713697
40715695
40717708
40721857
40723178
40723238
40726978
40728126
40730818
40738981
40739577
40744997
40755782
40758706
40762824
40764600
40764992
40767886
40770807
40775400
40777004
40777006
40777022
40777041
40783392
40789740
40789906
40792105
40801642
40804279
40805133
40805277
40806185
40812162
40813394
40817248
40817649
40830586
40832328
40836888
40843356
40848256
40849659
40849685
40851065
40855114
40855307
40859874
40861475
40862711
40862963
40865161
40866293
40869030
40869080
40872531
40872773
40873588
40877927
40879173
40881578
40882030
40884462
40890119
40890128
40893363
40897718
40898321
40903191
40907495
40909921
40918142
40918942
40918946
40923270
40924501
40926122
40931303
40935417
40935640
40936722
40943370
40948427
40952644
40957713
40959085
40963596
40963899
40969763
40970572
40972582
40973047
40974479
40977659
40982437
40985271
40988453
40994623
41000377
41000734
41002546
41002560
41007433
41007751
41007774
41007874
41008934
41009609
41010985
41011847
41012702
41013723
41020873
41024879
41024885
41026455
41036598
41041265
41042301
41050683
41052881
41053808
41062714
41068081
41069015
41073604
41074210
41084982
41088223
41091103
41096581
41096771
41096794
41097634
41098733
41100061
41102168
41104047
41112293
41112295
41112307
41117183
41117996
41122677
41131861
41132667
41133967
41135379
41135950
41136602
41136631
41136986
41142819
41145584
41146171
41148834
41149494
41152720
41154706
41155174
41158759
41159031
41163383
41164188
41181138
41184322
41187909
41193441
41193623
41202501
41203044
41203628
41205595
41206690
41208966
41209702
41214683
41215803
41216604
41218118
41222719
41228202
41231502
41234596
41235005
41238218
41238220
41239644
41250081
41252204
41253489
41253490
41256321
41256843
41256852
41257369
41261087
41261913
41266946
41268683
41273281
41276526
41280925
41281744
41286899
41291120
41301443
41303473
41303512
41309253
41309872
41310903
41312006
41313802
41315287
41317730
41322103
41322853
41326371
41328155
41330216
41334581
41342316
41344600
41347070
41354809
41356485
41357181
41361931
41370931
41372740
41373888
41377366
41377431
41378040
41378083
41383280
41383608
41390513
41394807
41394872
41401176
41403286
41403943
41415283
41415544
41417042
41425703
41438381
41438742
41439989
41440025
41441899
41446280
41446759
41451168
41452751
41454610
41460301
41462289
41465516
41466010
41469665
41471021
41472305
41472726
41474664
41479562
41479892
41479921
41480208
41482406
41488631
41490885
41493473
41495048
41495822
41498910
41501774
41514653
41519804
41522099
41525248
41526899
41538481
41540424
41540835
41543784
41554743
41557039
41557625
41560310
41560593
41564857
41568144
41568291
41571637
41572139
41579215
41583427
41591580
41592550
41601628
41601657
41608560
41613126
41613151
41622931
41629133
41630477
41635510
41642361
41644630
41648503
41652014
41654811
41654971
41656242
41662350
41664042
41668072
41668164
41673081
41683874
41705232
41708868
41710577
41710876
41720607
41722564
41744855
41746058
41746109
41749928
41752065
41752108
41752702
41757123
41764527
41766111
41766877
41777887
41781019
41785741
41788857
41789078
41789674
41798957
41800020
41800095
41800246
41801404
41803088
41804857
41809804
41816606
41825107
41833681
41836369
41846864
41850242
41852409
41856971
41858509
41858575
41860961
41868241
41868692
41874698
41876459
41878443
41878524
41879036
