18477046
22033517
22086447
22858865
23637769
25337876
26380110
26719576
26793003
27189167
27453763
28753442
28805013
29777637
30277116
30885978
31186412
31309361
31323969
31447348
31823832
31848460
31861079
32029263
32182828
32217765
32241808
32661116
33054085
33520703
33741730
33781320
33972125
34060602
34248965
34253590
34412685
34425876
34655667
34671902
34830212
34861036
34862480
34894519
35008832
35103292
35163134
35190963
35199207
35234272
35251496
35259530
35326620
35343027
35381875
35452603
35459624
35463343
35472554
35486592
35539019
35583829
35597960
35686214
35732350
35784280
35851312
35860442
35874698
35875870
35914074
35936003
35959380
36002574
36003404
36018330
36032113
36053276
36082969
36101937
36268012
36293632
36321062
36512081
36555712
36569859
36599192
36607839
36618922
36632566
36642966
36672365
36683744
36703960
36737320
36750253
36762937
36779699
36781600
36790667
36817454
36848231
36873569
36894539
36895020
36975207
36984629
37012357
37035245
37093551
37111346
37114426
37151176
37173782
37175509
37190168
37207130
37246975
37287117
37358557
37398889
37420216
37428918
37457699
37504327
37537626
37563685
37583696
37593227
37626420
37634013
37646658
37648261
37651540
37700230
37749042
37767564
37775098
37795042
37824808
37841262
37848261
37855056
37871327
37877352
37915564
37965326
38013142
38052854
38106404
38172923
38245601
38254683
38268493
38345397
38349008
38364355
38429446
38449862
38492089
38496503
38519055
38543695
38627685
38696033
38698840
38701405
38721172
38761096
38799440
38845015
38889435
38933272
38983860
38985302
39060958
39105814
39134535
39191731
39201787
39213256
39274842
39300154
39333227
39334509
39457563
39462141
39468753
39582866
39657136
39660861
39711119
39723764
39740007
39855710
39902042
39908461
39966805
40066440
40098061
40129986
40181550
40187754
40191207
40229536
40268898
40291594
40300855
40341025
40343678
40473272
40515479
40517540
40550903
40555560
40558528
40575948
40619749
40631904
40672109
40698351
40700574
40744997
40751114
40755773
40789685
40789743
40805178
40813394
40888053
40993398
41037766
41140808
41146171
41193778
41204420
41365534
41384994
41387457
41443881
41488631
41511330
41514558
41545304
41783325
