16344988
17551011
19387848
21214290
22086447
22858865
23095807
23196890
24176851
24281185
24391739
24574359
24884522
25003941
25407354
25620708
25921607
26116172
26125449
26143265
26311253
26350296
26558989
26670971
26674251
26739692
26756205
26793003
26937234
26949038
26988985
27076281
27298410
27339426
27515299
27556184
27556699
27628854
27664860
27668386
27695068
27779616
27809808
27832093
27845746
27865821
28148839
28193627
28281173
28298023
28345026
28358361
28425987
28436963
28518093
28544575
28604803
28681243
28832384
28842551
28849278
28849310
29097493
29144754
29241354
29260225
29261637
29284495
29471879
29592899
29681995
29769148
29914561
30071778
30124334
30133493
30150597
30302280
30341282
30374424
30388456
30415456
30469352
30506499
30534421
30613134
30627327
30717372
30796212
30853982
30866031
30972741
30978253
31081549
31089145
31111237
31193737
31444292
31560378
31650025
31676387
31753914
31765733
31766152
31783910
31905849
31959727
31989489
32169869
32182828
32299493
32307022
32380584
32478924
32535723
32577835
32626712
32631270
32666048
32690667
32704022
32726977
32732911
32734509
32734621
32850308
32908085
32933538
32938326
32992948
33005623
33080774
33144698
33154756
33163308
33204397
33213031
33215088
33221711
33232299
33256804
33311561
33322413
33328215
33371210
33389825
33396317
33442407
33481149
33496872
33498757
33507915
33513935
33531565
33538860
33542131
33568347
33679747
33719631
33800821
33881725
34016720
34026655
34036669
34039959
34068775
34094969
34195200
34195677
34205379
34249709
34298883
34315854
34395289
34407687
34503460
34544375
34566407
34578321
34632866
34638308
34692470
34707035
34753889
34769123
34844040
34926281
34930368
34970698
34976195
34980128
35021271
35046546
35062322
35069586
35071498
35096619
35122621
35131133
35181800
35185876
35199647
35205750
35216098
35216400
35265074
35285582
35326650
35326718
35338089
35344682
35355680
35359402
35399707
35426370
35445737
35474500
35486097
35488273
35621637
35632759
35639236
35657693
35669882
35680424
35682578
35740542
35782043
35795092
35806051
35821680
35839284
35861406
35874698
35875611
35898934
35929424
35954334
35959373
35962880
35969778
35971187
35973687
35982032
36032113
36048287
36060271
36070228
36072789
36090978
36093532
36150390
36154607
36160466
36175037
36185858
36193561
36220835
36233289
36238646
36245000
36254536
36271359
36291557
36302879
36307882
36311701
36311781
36318118
36321062
36358594
36382633
36403209
36439464
36460335
36483066
36521103
36560800
36597214
36599192
36604694
36638586
36638788
36648507
36654598
36674809
36675360
36703794
36717682
36720762
36721153
36741707
36755342
36756111
36765840
36768432
36769093
36785760
36800443
36845705
36894660
36902447
36932454
36944780
36957974
36959781
36983757
36987739
36991198
36993533
37037396
37046777
37108181
37131108
37142291
37165457
37179515
37190598
37191353
37201117
37234776
37298513
37305390
37325516
37335714
37350109
37377898
37386564
37440907
37444378
37445949
37493865
37550054
37552839
37564196
37574780
37608028
37619813
37627079
37635168
37645774
37648247
37654972
37662010
37665740
37674529
37675296
37681903
37704614
37706199
37731483
37775116
37793856
37795042
37795090
37796104
37834874
37841530
37908728
37916157
37931176
37955637
37958913
37978542
37992682
38013142
38019919
38022251
38022659
38048782
38067345
38067354
38072311
38076985
38090060
38104104
38167409
38168996
38181115
38191799
38201663
38226619
38249077
38250045
38256021
38260214
38263486
38268001
38268926
38286828
38312842
38334638
38339251
38349201
38349406
38375030
38390330
38396172
38396841
38398131
38469059
38481068
38485186
38505170
38514913
38519053
38551501
38560348
38560349
38576614
38596301
38610925
38623558
38664630
38702343
38727262
38768122
38782542
38807589
38821716
38842606
38858600
38859683
38877461
38882639
38886116
38889339
38891962
38894534
38900237
38915784
38920629
38928445
38949692
38973154
38994761
39015084
39030304
39034648
39043602
39060020
39061198
39062971
39076988
39088157
39089738
39105814
39112464
39123409
39133276
39155358
39161078
39185154
39191730
39199637
39213053
39225150
39240078
39255035
39267113
39267734
39273083
39288077
39296975
39307417
39311156
39329757
39334165
39343834
39364266
39367418
39401002
39410046
39467630
39468753
39555054
39557959
39563028
39568154
39572525
39588148
39599878
39599889
39633321
39659832
39669573
39698701
39699928
39713205
39735354
39735671
39745117
39749925
39766134
39789476
39800374
39833784
39877359
39888507
39925817
39932529
39939139
39948424
39989968
39997634
40004731
40016450
40022699
40050802
40066359
40066453
40067514
40069686
40075663
40078366
40098061
40102981
40104463
40107242
40148314
40163248
40175974
40177536
40181550
40202784
40217292
40227773
40243570
40244246
40247651
40248897
40253695
40259204
40276508
40277742
40277764
40305346
40309350
40355283
40364843
40378061
40386781
40389374
40400212
40404987
40422825
40442785
40455099
40467542
40470784
40495024
40495644
40504865
40510029
40512146
40536073
40539045
40539068
40542948
40557547
40558528
40583763
40595067
40595976
40607397
40620681
40623177
40629403
40640144
40653819
40675157
40698061
40725022
40725231
40753395
40760734
40779733
40785950
40801642
40804279
40813394
40827547
40849813
40885689
40890106
40948290
40959085
40977706
40986696
40991008
40991899
40993621
41002441
41010985
41030443
41041043
41041265
41049010
41062177
41063451
41069015
41088223
41121224
41132667
41136602
41141584
41146171
41148834
41155526
41159031
41168621
41209565
41218853
41226782
41228258
41231502
41238218
41250081
41251836
41314978
41317093
41322103
41332567
41350820
41366257
41377366
41377431
41377933
41381536
41394272
41394807
41395596
41424865
41425703
41441899
41454366
41463198
41465586
41469991
41472726
41473753
41476983
41479562
41488631
41501884
41510159
41514653
41517810
41537177
41545304
41564866
41595133
41597174
41661421
41662350
41684840
41716879
41720607
41744786
41752461
41756179
41775435
41781019
41800095
41801404
41846252
41876459
