24391739
24986120
27060208
27447746
28425987
28919752
29566612
30341282
30469352
31309361
31819175
31842288
31969562
32018052
32088363
32344837
32848130
33243969
33322413
33507706
33809187
33879173
33929971
34263254
34472721
34542840
34685652
34771718
34804927
35027951
35359402
35637197
35657693
35740624
35929424
35954334
35982032
36046833
36076996
36212775
36220835
36387132
36799863
36899885
37108181
37175509
37374009
37386564
37488534
37641004
37661565
37756561
37789342
37860928
37932447
37933299
38443363
38459559
38481068
38778409
39166458
39272193
39376991
39396375
39433427
39614268
39651805
39751965
39877156
40004027
40017149
40076496
40126684
40309774
40529859
40567832
40640144
40797262
40963899
41009609
41074210
41097035
41277911
41330216
41519804
