20191380
22223084
23196890
24460801
24830454
26148236
27743027
27777777
28108545
28345026
29195073
29385739
29553135
29562193
29666625
30016571
30105219
30271931
30341213
30426287
30889466
30972741
30986263
31130474
31186412
31202359
31227775
31311810
31315674
31323969
31409607
31548600
31635070
31719057
31759373
31781498
31877341
31903153
31940588
32001695
32088363
32097050
32130786
32158622
32215970
32245497
32300553
32317755
32344837
32391013
32411132
32411789
32415407
32423420
32423475
32478924
32544282
32547946
32570906
32630096
32690667
32699630
32707148
32759235
32767058
32813990
32821097
32883316
32912922
32942725
32946773
32972405
33008426
33025047
33086754
33094957
33114476
33172438
33177494
33199510
33207653
33217343
33232299
33245955
33262221
33311488
33384955
33408790
33431631
33447030
33466735
33513935
33520703
33538860
33542131
33563662
33589527
33628850
33641576
33643692
33643696
33679747
33820820
33845199
33854870
33920168
33922052
33923305
33941231
34000441
34016720
34060602
34063642
34074330
34134774
34149701
34162429
34162858
34172514
34195090
34198850
34206677
34263254
34267518
34268109
34307839
34315854
34351575
34373744
34423001
34462190
34471091
34497771
34514094
34522178
34522584
34556668
34582788
34586737
34638609
34671902
34685652
34696348
34696515
34707035
34733287
34769123
34771718
34795289
34815789
34819143
34830212
34840111
34858835
34868055
34894519
34901564
34926283
34932167
34948316
34968306
34969970
34980128
34987634
35008915
35021271
35027829
35047448
35069599
35095911
35096619
35122074
35123413
35128843
35151824
35158903
35185876
35191218
35205750
35211124
35236203
35246504
35250995
35265074
35269390
35269922
35269988
35286311
35289077
35317519
35326620
35338126
35344682
35348320
35355932
35359398
35361234
35379737
35396921
35432319
35444235
35484709
35488303
35492880
35568916
35592358
35593226
35620395
35652198
35680424
35720311
35741028
35741103
35755805
35759082
35776159
35795092
35800155
35818395
35836249
35874675
35874698
35882447
35895109
35911695
35924168
35935930
35959373
35962880
35990652
36038676
36042555
36047968
36048239
36070228
36077431
36092638
36097280
36101937
36116940
36159999
36161045
36185175
36221123
36224645
36226063
36233289
36239794
36245000
36248810
36261831
36267767
36275669
36278159
36310169
36311734
36341334
36343977
36358940
36387105
36387132
36389701
36402738
36405739
36429054
36437106
36438484
36452477
36452492
36457858
36460335
36466838
36479819
36479842
36483544
36503716
36505437
36532071
36555712
36569859
36597214
36600243
36604694
36611875
36618408
36619294
36627707
36650023
36683155
36686771
36703971
36750253
36759842
36768432
36768924
36776869
36779699
36781600
36786568
36794651
36817445
36829187
36831465
36855120
36860656
36895188
36910721
36914208
36923404
36926681
36948922
36949454
36951547
36957974
36960052
36968653
36969187
36969248
36991316
36993533
36999013
37012357
37020537
37037396
37064872
37072351
37083979
37120591
37138860
37143088
37151176
37163283
37165457
37166485
37168380
37174127
37191353
37192893
37201117
37208386
37217462
37217932
37234776
37239368
37258521
37294501
37312610
37325516
37359558
37364935
37369808
37386520
37388744
37390205
37398660
37399175
37416781
37418547
37420216
37425981
37426674
37426676
37427115
37433774
37456850
37457699
37457738
37476590
37488598
37492581
37525190
37530575
37541690
37545491
37546701
37554264
37563797
37564196
37565053
37568782
37569894
37573354
37574780
37604643
37619813
37626420
37627206
37641132
37654972
37655661
37658376
37660039
37679769
37682196
37695642
37704614
37731483
37740439
37741901
37744371
37744990
37755109
37766141
37769655
37789342
37795088
37795090
37799719
37820722
37828984
37830150
37830607
37833968
37860928
37864726
37868956
37870196
37889752
37891570
37908722
37908728
37914681
37914685
37943609
37946517
37955637
37964753
37980476
37989902
38006049
38013142
38032117
38037288
38041544
38044445
38045635
38048782
38052529
38052854
38054080
38063199
38072311
38082435
38102658
38104104
38130152
38166691
38167722
38168996
38183010
38191799
38200551
38215151
38225603
38226619
38239299
38241975
38242952
38247202
38248092
38250045
38254683
38258070
38268001
38268926
38278522
38280003
38280084
38286828
38296598
38297372
38302933
38308196
38312842
38325225
38326344
38336371
38347129
38348027
38373953
38378555
38410201
38411395
38429349
38433193
38440738
38442004
38445633
38453898
38454445
38459592
38467634
38469350
38473379
38473415
38475778
38481068
38485929
38489548
38501978
38502947
38505170
38525011
38525013
38542199
38555315
38576614
38581063
38584391
38596301
38609488
38623463
38623558
38627685
38635884
38642937
38650943
38672409
38673757
38678042
38679698
38680498
38693104
38701369
38702343
38704691
38711517
38717360
38727262
38769583
38769830
38774648
38779672
38789450
38799440
38811964
38827172
38835055
38846356
38847233
38849886
38855730
38882543
38883421
38887519
38889339
38891772
38892286
38893156
38898505
38900237
38916448
38919017
38928301
38928445
38933335
38937436
38948248
38954079
38956700
38962002
38962811
38973161
39004699
39020402
39033192
39034648
39050878
39051482
39054529
39054639
39058879
39060020
39060022
39086383
39101639
39106105
39118942
39119332
39128990
39134804
39135638
39141161
39155358
39175882
39178538
39186778
39192979
39199637
39201787
39213256
39213364
39223798
39227970
39242595
39245938
39253073
39267734
39273009
39282574
39288077
39299564
39308543
39329757
39335494
39337266
39339288
39342211
39343834
39351241
39351436
39380383
39385213
39389953
39396375
39398140
39409870
39414325
39417449
39427436
39430750
39431644
39433427
39449013
39450056
39456909
39457509
39457582
39459197
39461979
39473536
39474576
39475915
39483548
39485838
39530107
39539554
39542653
39548594
39567756
39568154
39569202
39574178
39574346
39588373
39592417
39605063
39610376
39610917
39613742
39631848
39631851
39639359
39641253
39653551
39660126
39664377
39669575
39674886
39679828
39684867
39691714
39695072
39696340
39696618
39697335
39698701
39735354
39735681
39739618
39740007
39744220
39745117
39747873
39751930
39761175
39769944
39783849
39785683
39789387
39793480
39794937
39805063
39820726
39826104
39830516
39830952
39831754
39835140
39838375
39848686
39853961
39858465
39861805
39871899
39876889
39877156
39881438
39891760
39896279
39897033
39897050
39897552
39904189
39904774
39925801
39939414
39941003
39941761
39948424
39960349
39975543
39988346
39994712
39996528
39998766
40013133
40016450
40038780
40041906
40045156
40045363
40056273
40066440
40070841
40075663
40076506
40089067
40091844
40092697
40098106
40098719
40098971
40112501
40119465
40124706
40125427
40141097
40166981
40175681
40187752
40197318
40202784
40204707
40207199
40207307
40223062
40234089
40241233
40248897
40253354
40266437
40267755
40272913
40274835
40277742
40281554
40289661
40299475
40305346
40319304
40327275
40338058
40341033
40342932
40350205
40352942
40356913
40358739
40362682
40364843
40365291
40370433
40375990
40386781
40387780
40397376
40414874
40422825
40432113
40433363
40440060
40442785
40447887
40457437
40458686
40460374
40465005
40469185
40469279
40470716
40475770
40481543
40484644
40490790
40495644
40502368
40504865
40510029
40514068
40530896
40534854
40535838
40536233
40539068
40542357
40543510
40550903
40567832
40574864
40589329
40589752
40594309
40598593
40607397
40612869
40612941
40649958
40650799
40652009
40654336
40659604
40665352
40675967
40679093
40693277
40698061
40698086
40698840
40699333
40700478
40701653
40707984
40709190
40713697
40713785
40715107
40715695
40721857
40723238
40724998
40725022
40739089
40760704
40760734
40770084
40770807
40777004
40777041
40789065
40789740
40789743
40797262
40805277
40806185
40846970
40849659
40849827
40858105
40869080
40873588
40882030
40885689
40889802
40890106
40893363
40919131
40923270
40926122
40927726
40932272
40935640
40936722
40943370
40944718
40945517
40948427
40948781
40956032
40974479
40977706
40985271
41000377
41002441
41007751
41007774
41013723
41019052
41020873
41033072
41039566
41041043
41049741
41050683
41052881
41057853
41059490
41068081
41068915
41073827
41074210
41084982
41088223
41102168
41102501
41112042
41112307
41121746
41124828
41132663
41133967
41135950
41138491
41146651
41154706
41159033
41163074
41163383
41163402
41169397
41174733
41179284
41181090
41181138
41185045
41185751
41209565
41209702
41218853
41226782
41235226
41238218
41238220
41252775
41253490
41256852
41257772
41261087
41273281
41276526
41277911
41278473
41281744
41286899
41291120
41303473
41303512
41314288
41322140
41328155
41328341
41335282
41344600
41346587
41350820
41355950
41357193
41365534
41366157
41366257
41377366
41377933
41378083
41381218
41383608
41394807
41394818
41394868
41394872
41417728
41425703
41438130
41438742
41441899
41451200
41451226
41454366
41454610
41460301
41463198
41465382
41465516
41465586
41469665
41469991
41479921
41488631
41495048
41496304
41496455
41497186
41509977
41510159
41519804
41526899
41550155
41559435
41572139
41589006
41601628
41601657
41608560
41612728
41613126
41613151
41616936
41622222
41625477
41639062
41645252
41645963
41648503
41652014
41654811
41660849
41661421
41677622
41680566
41689608
41695484
41705232
41722564
41737211
41744786
41746109
41752461
41756179
41756289
41760870
41766877
41777897
41781019
41783325
41788857
41798957
41800020
41800095
41800246
41803088
41822903
41827827
41828476
41833681
41836396
41846252
41850740
41852409
41853278
41869637
41878133
