18477046
24799465
27046210
27160547
27515299
27550944
27559142
27694443
27889646
28069724
28108597
28341109
28753442
28817371
29334371
29672587
29703841
30292795
30302022
30504286
30665463
30882895
30938513
31451760
31515232
31582515
31871270
31930187
32037061
32081463
32111076
32301634
32534811
32567851
32589729
32700972
32747418
32847977
32912922
32981510
33008426
33087511
33389616
33451980
33482584
33530866
33531370
33536280
33820780
33856201
33871826
34043927
34074654
34172894
34253590
34532642
34548332
34615718
34657203
34661922
34716871
34730979
35184664
35216379
35269424
35318309
35534238
35539019
35605472
35653623
35860442
35908982
35961708
35962528
35981498
35999150
36028965
36053771
36114082
36136061
36269795
36305867
36355054
36357174
36377519
36403579
36413881
36415085
36446254
36455759
36459691
36460335
36495878
36502928
36512081
36609769
36617643
36618922
36621000
36656533
36696077
36701651
36714582
36720616
36730296
36734039
36738333
36761762
36762937
36763234
36776873
36788100
36800443
36803278
36806375
36861363
36877356
36878534
36878560
36884217
36907051
36909522
36961368
36966267
36967073
36990421
37015333
37023499
37029036
37045733
37055161
37111346
37146146
37153626
37172552
37175916
37185443
37190019
37190168
37191353
37196158
37212796
37224424
37244297
37257818
37272756
37279095
37279357
37294948
37296177
37298631
37302522
37308581
37327461
37378532
37395505
37401244
37407378
37420274
37439710
37454577
37458180
37460440
37473513
37496216
37504334
37511163
37526149
37539054
37559159
37562695
37564196
37573404
37573703
37583696
37594572
37619980
37620320
37626420
37656059
37660479
37661513
37671162
37675539
37711615
37721518
37741455
37742278
37758021
37775098
37775116
37781991
37787931
37788341
37800595
37801674
37821099
37824205
37824799
37827964
37828725
37830607
37833834
37841262
37862796
37866413
37870091
37871703
37872122
37873756
37880707
37882675
37883180
37888905
37901233
37902460
37906232
37913680
37916818
37921976
37938529
37947595
37951154
37959808
37964543
37971309
37975577
37988837
38003245
38003302
38008654
38019654
38061008
38069146
38091201
38113039
38122916
38154514
38159059
38160990
38162667
38170551
38172449
38178200
38178674
38179054
38191923
38194773
38205802
38215985
38218630
38219442
38244254
38248092
38256120
38270051
38272345
38295890
38296554
38306232
38319231
38341307
38345361
38374055
38396776
38398191
38403093
38403634
38428737
38441850
38447347
38458926
38461088
38467634
38470473
38509717
38520605
38521686
38538786
38555326
38566237
38574190
38605180
38615873
38616696
38621469
38630383
38631991
38632563
38638442
38643493
38652426
38688798
38689071
38696168
38704241
38718982
38719240
38730427
38760431
38769830
38772416
38772845
38798125
38799638
38814103
38820656
38823410
38844064
38845396
38861602
38864297
38897043
38908529
38909139
38940019
38948057
38951853
38963654
38981151
38986529
38991657
39002610
39020378
39020402
39039315
39046895
39047292
39052212
39060958
39066847
39068862
39072640
39073687
39083154
39090431
39112464
39113562
39115060
39118097
39123409
39146748
39154712
39164924
39173499
39178538
39186778
39191683
39201435
39207114
39211043
39216478
39231796
39232496
39270526
39273642
39288654
39302614
39303762
39307840
39322584
39329289
39330050
39333227
39357981
39374692
39378056
39393036
39418963
39422290
39446008
39446010
39451775
39454577
39463028
39468753
39483139
39494690
39500221
39510910
39513959
39520520
39526448
39550213
39572467
39577073
39582379
39600127
39612162
39614090
39617145
39657136
39664377
39675505
39722028
39747865
39753814
39762718
39786401
39788133
39789619
39806366
39809756
39812376
39825061
39825965
39837982
39841860
39851917
39869307
39878898
39878905
39918687
39922441
39923718
39939077
39947441
39947911
39976981
39980806
39982632
39985225
39995677
39996528
39996761
40029253
40037453
40045156
40048102
40049447
40063535
40068736
40072062
40081220
40082588
40086026
40086820
40087402
40088875
40102896
40111003
40117942
40121208
40121972
40126545
40126684
40129250
40135802
40139025
40171885
40178042
40184712
40185333
40199194
40201309
40202784
40209851
40214484
40223272
40246243
40259322
40282933
40288679
40293942
40293943
40294348
40294876
40299225
40307936
40308191
40309774
40311311
40319478
40322862
40323341
40344963
40358194
40362535
40367242
40374579
40387297
40388736
40418751
40443068
40446464
40446758
40448644
40449480
40455883
40458070
40460510
40460679
40467988
40469310
40474033
40499141
40514709
40517540
40533489
40548513
40550903
40551322
40553569
40553912
40572608
40595495
40602407
40602955
40615323
40619228
40624355
40629902
40635151
40640393
40653367
40657894
40660679
40662373
40669019
40670772
40680453
40685098
40694310
40700855
40712557
40714150
40728126
40739577
40755231
40762432
40762824
40768863
40789740
40800161
40801642
40805178
40812162
40813394
40819431
40819477
40834944
40836888
40843356
40843358
40847229
40847233
40848933
40849659
40849685
40859874
40860900
40862536
40862711
40888053
40903191
40907200
40907382
40911899
40912307
40915429
40931303
40934857
40952644
40970572
40970869
40972582
40976544
40988453
40992225
41005213
41009364
41017445
41030069
41033317
41037766
41061200
41066595
41066596
41076974
41088941
41091103
41100061
41101697
41110778
41121224
41123838
41125110
41133214
41135379
41135519
41138046
41140808
41154706
41173592
41175949
41175977
41176799
41182170
41184856
41185045
41193623
41201546
41203950
41213241
41218118
41219042
41222552
41240535
41243354
41256321
41256852
41257369
41268683
41270471
41274527
41274532
41280925
41309253
41313802
41337878
41361931
41384583
41385861
41386221
41405207
41411700
41422272
41423054
41427810
41443030
41484653
41489230
41489244
41511330
41512604
41518796
41519435
41538481
41540835
41557039
41564592
41577552
41579215
41587589
41591580
41601628
41611186
41617329
41630477
41656479
41663428
41667304
41687244
41702764
41710577
41722284
41744855
41752065
41752108
41752702
41763450
41785741
41787195
41796021
41813314
41823246
41825107
41841415
41846864
41850242
41856115
41856971
41866608
41888610
41892190
41898574
