18676776
18719206
18983911
19074849
19562527
19823012
20525379
20570523
21593790
21998736
22033517
22086447
22257467
22275826
22346365
22485174
22509396
22542702
22619526
22623951
22809139
22815798
22858865
23196890
23337959
23433093
23440494
23471912
23519324
23637769
23650499
23749887
23802040
23882223
23897652
24138843
24176851
24192821
24264763
24281185
24391739
24579667
24602180
24617941
24676085
24796583
24830454
24853427
24986120
25034326
25268975
25363302
25412401
25425556
25482950
25525610
25646081
25652758
25670331
25826087
25921607
25928327
26092779
26112902
26148236
26312548
26367393
26397305
26422386
26625208
26672603
26672742
26674251
26919657
26949038
26977386
27060208
27102814
27106131
27265625
27336586
27348576
27429587
27447746
27448221
27465066
27499876
27597657
27832093
27861546
27931178
28042079
28053531
28181425
28346389
28454566
28554310
28633567
28805013
28842551
28919752
29115534
29560350
29662080
29777637
30104875
30140154
30348269
30352942
30519193
30590250
30590310
30902832
30978253
31179538
31290413
31307409
31322205
31575086
31588193
31623083
31739597
31753914
31788443
31842863
31852666
31905849
31995555
32182828
32483861
32546498
32756757
32848130
32899415
32933538
33177823
33204397
33232302
33302699
33302945
33513992
33516195
33531565
33603343
33632266
33653887
33664850
33802129
33826908
33916385
33929971
33976129
34040370
34060621
34149701
34157016
34193902
34282188
34513653
34573330
34621752
34894098
34933180
34994966
34995957
35123413
35216400
35227190
35326650
35359398
35480559
35654933
36010547
36048287
36148678
36163365
36362089
36369329
36429015
36636557
36987739
37139454
37190057
37192893
37204591
37303003
37374009
37439751
37454232
37554982
37645990
37648756
37664860
37722602
37891626
37933299
37967193
37980476
38102658
38205260
38352414
38396172
38578637
38632546
38770217
38824410
38918812
38976181
38990440
39043763
39203014
39209877
39263473
39272193
39288077
39333998
39398140
39531198
39558339
39565188
39606562
39623868
39727871
39730440
39774458
39861845
39962391
40125434
40208346
40255674
40423138
40542009
40775400
40822933
40830586
40862963
41062714
41068081
41105627
41184322
41225039
41303512
41330216
41366157
41373888
41440629
41451168
41462289
41472305
41525248
41618092
41764527
41844571
