32029263
33670942
34725191
35860442
36223541
36255393
36403209
36405739
36512081
36593962
36683744
36714582
36761762
36762937
36785760
36793863
36854570
36860656
36894539
36895020
36948922
36971124
36976175
37012357
37022784
37046674
37111346
37114242
37114426
37122707
37223099
37259060
37259079
37263673
37287117
37364935
37398889
37416781
37501154
37504327
37520520
37537626
37545491
37573354
37587833
37593227
37634013
37646658
37648261
37734877
37767564
37772505
37824808
37848261
37852261
37855056
37871327
37880647
37942328
37962868
37964753
38003245
38087365
38131782
38147359
38167722
38245601
38263486
38268493
38280003
38310192
38334638
38349008
38372727
38396776
38429446
38445633
38468289
38475778
38489548
38501978
38508135
38519053
38519055
38527972
38623463
38641773
38642937
38660023
38713378
38720892
38730427
38750034
38765008
38801069
38848446
38861293
38863707
38892105
38910324
38916448
38933272
38962811
39048914
39082679
39105814
39105878
39106105
39123089
39134535
39166458
39178538
39191731
39216477
39245938
39357981
39375952
39390972
39425127
39462141
39500897
39502695
39606809
39614368
39615894
39632107
39652449
39654063
39660134
39660861
39749925
39760515
39762718
39785683
39800374
39825877
39848686
39874964
39920148
39995672
39996528
40038780
40040691
40070819
40108113
40114411
40121208
40165319
40187754
40223272
40234667
40248696
40250245
40260627
40266437
40268898
40293187
40293533
40341030
40341383
40343678
40365291
40416959
40439479
40443649
40450573
40470716
40473462
40499141
40510353
40514068
40521192
40542851
40544186
40550903
40555560
40574860
40575948
40586719
40607397
40631904
40640393
40661955
40693391
40699333
40707958
40726978
40751114
40755773
40755782
40777022
40789685
40789743
40805178
40861473
40881578
40884462
40888053
40935417
40944718
40969763
40970352
41036598
41037766
41052881
41053808
41084514
41098733
41136631
41140808
41142819
41146171
41154706
41164188
41167638
41200165
41202501
41206690
41209565
41222719
41238220
41256321
41313664
41317730
41381218
41385387
41408054
41443881
41479892
41493473
41511330
41540424
41579215
41583427
41591580
41613119
41613151
41645252
41663428
41677622
41722564
41737211
41739670
41789078
41827827
41846252
41874698
