29158268
30133493
31290002
31507132
31629009
31848460
31870622
31947597
32029263
32096010
32125191
32200355
32235098
32245497
32301012
32321775
32391013
32411132
32411789
32423475
32472757
32514633
32544282
32546036
32589729
32594314
32624697
32661116
32693699
32700185
32707148
32739874
32822718
32838717
32853733
32903482
32920508
32965719
32983080
33004686
33008426
33015169
33025047
33087511
33095464
33117331
33154756
33184911
33207607
33245213
33249047
33256913
33275680
33275752
33290868
33297561
33328215
33328345
33340532
33341289
33433743
33481647
33530866
33577827
33628850
33635343
33637962
33667951
33670942
33752101
33759063
33781320
33802203
33811153
33822523
33855089
33856201
33857616
33905949
33906917
33919245
33927729
33945357
33972125
34000441
34010040
34035114
34038292
34050151
34089485
34129878
34134774
34158626
34189144
34195677
34215336
34215656
34241908
34248965
34253582
34341066
34365035
34367185
34375680
34382510
34411731
34412685
34415995
34446084
34462190
34475869
34476803
34533518
34642170
34671902
34707035
34740610
34746864
34751400
34769123
34798542
34830212
34894519
34920801
34969970
35008832
35027068
35037732
35086924
35088497
35095911
35122203
35124129
35129050
35148469
35153001
35199207
35211124
35220303
35232284
35250995
35265074
35289077
35303871
35314826
35338126
35344682
35429288
35432319
35436564
35445870
35452603
35468680
35472554
35483375
35485880
35486592
35492880
35499393
35534566
35551657
35577501
35584646
35604627
35609005
35668162
35670043
35686214
35687277
35690273
35693807
35720311
35741103
35773047
35806051
35809118
35815381
35855615
35874698
35875870
35908982
35930700
35935930
35936003
35961708
35963235
35976306
35990652
36002574
36047968
36057673
36101937
36122628
36139135
36175644
36175774
36190614
36193597
36220487
36223560
36248810
36261831
36311728
36311781
36341440
36356142
36400016
36401282
36402738
36429054
36484747
36503716
36512081
36529796
36549782
36569859
36599192
36607839
36609146
36618357
36627710
36650384
36700773
36702472
36720496
36721153
36726126
36755342
36758833
36761762
36768432
36776869
36779699
36877356
36911704
36942414
36948187
36951942
36967127
36999013
37020537
37031457
37083979
37106204
37151176
37153626
37154307
37173782
37185868
37186944
37196544
37218315
37224816
37231285
37239368
37246975
37261348
37271535
37287117
37326624
37330347
37354233
37359558
37388744
37395505
37398889
37403203
37420216
37422069
37426674
37429007
37451822
37457699
37475048
37476590
37486518
37495877
37504327
37522784
37541727
37550134
37551951
37551952
37564196
37566723
37569894
37597651
37612388
37624557
37635172
37648261
37651540
37661513
37671595
37694593
37694970
37707586
37736099
37759484
37779152
37788737
37793869
37795042
37796104
37799719
37805624
37819154
37830150
37833834
37894816
37906232
37908366
37915564
37951207
37952507
37992682
37999101
38006049
38038689
38038772
38048782
38050977
38052854
38066922
38070114
38104104
38142942
38145710
38154609
38168996
38175152
38199897
38200158
38201305
38203786
38213150
38218655
38227666
38243252
38244129
38245601
38256120
38279989
38310449
38334638
38374055
38381427
38391024
38424590
38427724
38448290
38459361
38461088
38466263
38471620
38492569
38498249
38526025
38538786
38554158
38573683
38576614
38576617
38583184
38584391
38603888
38609574
38612786
38612911
38613724
38614815
38623463
38638442
38639669
38640784
38656354
38670095
38673757
38679117
38679698
38680498
38695995
38698840
38700775
38701405
38727262
38730427
38731853
38742463
38749554
38763321
38779672
38788449
38789450
38799440
38805125
38813657
38816739
38825523
38830992
38835055
38874788
38875506
38881053
38886844
38889435
38891962
38909866
38910060
38928301
38928445
38943467
38954079
38960655
38962002
38962014
38978106
38983668
38985302
39009446
39033780
39034731
39043602
39044834
39051583
39069707
39091493
39095226
39118151
39123202
39129178
39134804
39150566
39166803
39167629
39191731
39199421
39199637
39212926
39213364
39235181
39240078
39260044
39264449
39266186
39303823
39306365
39311156
39329700
39380046
39382681
39417449
39428649
39430751
39433427
39443938
39455854
39456909
39461755
39468753
39490640
39503381
39511890
39516118
39539554
39544174
39548594
39551117
39551173
39569202
39572467
39577274
39582866
39594628
39603960
39604730
39605063
39608172
39609126
39617017
39617755
39625823
39631664
39639359
39657136
39660130
39662761
39663681
39664377
39666320
39675505
39684867
39722028
39723764
39745117
39753814
39754507
39755457
39769267
39772342
39789387
39798230
39798497
39804528
39805063
39809756
39814310
39835140
39841955
39844726
39855710
39859572
39883430
39900318
39908461
39919536
39921214
39922441
39938499
39945240
39975543
39978971
39983725
39988897
39995672
40012027
40012708
40013133
40021425
40024355
40025566
40029598
40041887
40045363
40047620
40048137
40054657
40066440
40068592
40072049
40075663
40076777
40090318
40098061
40108924
40113005
40121824
40122025
40122371
40129986
40133194
40133688
40143545
40148310
40152219
40153139
40154216
40168105
40181964
40187754
40191207
40205818
40211993
40214484
40220909
40229536
40229574
40237717
40253831
40266497
40272709
40281554
40289711
40300858
40306469
40308611
40332761
40338058
40354071
40358739
40375426
40386781
40394797
40399506
40406146
40407722
40409451
40409481
40414076
40415627
40422211
40428391
40439687
40447312
40448746
40449973
40460374
40478956
40480008
40480218
40480232
40481543
40484084
40513329
40516611
40534854
40535838
40537997
40543510
40549304
40553282
40555560
40558528
40575948
40604285
40606990
40612946
40619225
40619226
40623606
40623765
40623767
40624569
40628691
40629902
40633200
40649958
40650799
40659791
40670243
40675157
40684496
40685330
40695291
40701743
40701744
40711613
40713403
40713697
40715608
40753800
40757874
40771804
40784272
40789685
40789743
40801642
40818199
40846251
40847229
40847238
40848820
40861475
40873562
40885089
40903191
40903324
40910255
40912036
40918142
40932272
40944718
40945517
40952557
40954078
40962204
40968311
40972447
40973826
40974479
40974488
41009609
41016975
41019052
41020434
41024885
41034054
41034055
41037956
41047807
41055080
41067881
41073827
41076191
41084514
41110778
41115502
41120252
41132663
41135520
41137066
41145849
41146171
41151612
41159033
41168621
41177723
41177968
41181132
41184322
41186143
41193778
41200165
41209565
41233057
41235226
41237439
41240535
41242468
41246300
41253489
41257772
41267750
41271729
41274291
41274529
41275395
41276526
41294877
41297423
41305642
41313664
41313840
41315764
41318814
41319516
41330004
41337878
41338184
41344976
41346587
41352705
41354449
41366257
41372740
41384583
41387457
41391993
41408957
41421179
41443881
41454610
41454921
41455063
41465586
41469665
41485684
41486167
41538977
41542901
41543784
41545304
41545714
41559435
41564514
41564857
41572139
41576929
41577552
41579862
41611302
41620284
41628747
41631921
41651454
41667304
41672452
41677939
41689608
41736320
41739670
41756289
41794025
41803088
41810550
41853278
