25337876
27059283
27815355
29691200
29768208
30261221
30653988
30804551
31152785
31222183
31231788
31243347
31320316
31451760
31469969
31502158
31590683
31694888
31712683
31750520
31792341
31891494
31973584
32006413
32006414
32024681
32040210
32096010
32098629
32101536
32125904
32192326
32209571
32238925
32264803
32300176
32315755
32321775
32360576
32380039
32396857
32413572
32415407
32467316
32487115
32499641
32546498
32570906
32571799
32589729
32671729
32682455
32687855
32707148
32718998
32726977
32796761
32798465
32798741
32811551
32827460
32828714
32883316
32893711
32903482
32908085
32965719
32968206
32973401
33031826
33037407
33068406
33097661
33117331
33176972
33191402
33202035
33208059
33213345
33227699
33232302
33232480
33243115
33245213
33255340
33256913
33268569
33275752
33301289
33326793
33328215
33333017
33333349
33334906
33347867
33359413
33360156
33385410
33411765
33411885
33429148
33476633
33497609
33507915
33554860
33563662
33568347
33589527
33593882
33637962
33658202
33658617
33667951
33671579
33676427
33685992
33741730
33795234
33808217
33828203
33857616
33933160
33990905
34010040
34031411
34033692
34037380
34050151
34066014
34095145
34127191
34134774
34163045
34205379
34217945
34241908
34268641
34293320
34341066
34353334
34411650
34446084
34454516
34456921
34469736
34507781
34529928
34582788
34590285
34598686
34605326
34607105
34608130
34621019
34627949
34655593
34673274
34767372
34767864
34798542
34815789
34830205
34830212
34853037
34884583
34920978
34963897
34982495
35008996
35039048
35092559
35111663
35121901
35121986
35122074
35122203
35217990
35241090
35257896
35276062
35277177
35300341
35303871
35331236
35337340
35422284
35444283
35488273
35499393
35508982
35562840
35583999
35609005
35666536
35676850
35705709
35708734
35711141
35732990
35773047
35784280
35858470
35882447
35904277
35909273
35930700
35972384
35990652
35999480
36002574
36038011
36053276
36056851
36077152
36100322
36139078
36180906
36193597
36223560
36228090
36254536
36255638
36261831
36272261
36280438
36356142
36356599
36357583
36382633
36389701
36401282
36447676
36481408
36495467
36555398
36587138
36638788
36645225
36650384
36681183
36693779
36702900
36713447
36750253
36788695
36797756
36826113
36855120
36878534
36948187
36967127
37062125
37063482
37156740
37199299
37231285
37239005
37252797
37258521
37287283
37294501
37321037
37325626
37344596
37365326
37403203
37423524
37426674
37437039
37437865
37449673
37486518
37522838
37532731
37559159
37615340
37635168
37651540
37666438
37668906
37694593
37698765
37724673
37737443
37737478
37748878
37774811
37795042
37820858
37849226
37863651
37866880
37873584
37889752
37921129
37939766
37971319
37987734
37993945
38023726
38050977
38052854
38065367
38070114
38082155
38099496
38139386
38164146
38164884
38194206
38243923
38244129
38298016
38310456
38316463
38336902
38345397
38361756
38363528
38377059
38381406
38383653
38387457
38424590
38428724
38449862
38466263
38496503
38545126
38581063
38584391
38607007
38609574
38612911
38618889
38629716
38632954
38635884
38640836
38650005
38657602
38664705
38694604
38704136
38704691
38708901
38716572
38727638
38751572
38763850
38807759
38808710
38816739
38816881
38819691
38844700
38867131
38868778
38882639
38886830
38892913
38893132
38907847
38918616
38925170
38942026
38943249
38951705
38962002
38964289
39012601
39048715
39054529
39054866
39062641
39075259
39095226
39105814
39118151
39121791
39128990
39132997
39150566
39178725
39210507
39218175
39218291
39223316
39227689
39228116
39242595
39255035
39260044
39266186
39281673
39304355
39311156
39316196
39317648
39321214
39332185
39372415
39407665
39455854
39467702
39474936
39475383
39483548
39500392
39535509
39536909
39558141
39563028
39563182
39568154
39578174
39582866
39603960
39617017
39617755
39627502
39638158
39654063
39671912
39696697
39708520
39731215
39739618
39769267
39769279
39777474
39798545
39804528
39820726
39824180
39826543
39830516
39835140
39839798
39868490
39884405
39886906
39891927
39892701
39901548
39919536
39925817
39951377
39962990
39972681
39975543
39980205
39985225
39995112
40024074
40053823
40054656
40075351
40090318
40113021
40114032
40122371
40133194
40134212
40143545
40143547
40148310
40152219
40154216
40157335
40168105
40169080
40191042
40196673
40207199
40216282
40231503
40250571
40252747
40291594
40297577
40299475
40309350
40326293
40328703
40340863
40341025
40342053
40350205
40351170
40353839
40358739
40381685
40394347
40394797
40398760
40400023
40407722
40409404
40415627
40428391
40435402
40445465
40448746
40449649
40457437
40457715
40460025
40481182
40495695
40512146
40513886
40514251
40516634
40516842
40526097
40542948
40548119
40574864
40604285
40614401
40615674
40619274
40619749
40641119
40643795
40650221
40650799
40651547
40653819
40668928
40685330
40694535
40694540
40699333
40715608
40719980
40738541
40742385
40753800
40757874
40760734
40762603
40766461
40771804
40795793
40801569
40815657
40845844
40848256
40854817
40872531
40882030
40883169
40888991
40890128
40907495
40918142
40928584
40929270
40932272
40935881
40954078
40957713
40959562
40968311
40972573
40973278
40973826
40977706
40982437
40993398
40994623
41006228
41007874
41008934
41012702
41015605
41016988
41043399
41053536
41071600
41076191
41101701
41110569
41112295
41131861
41135520
41137066
41144949
41159033
41163074
41167225
41168621
41181132
41191983
41193441
41193778
41214683
41242468
41242543
41246300
41247804
41253489
41265176
41276359
41276526
41284414
41309192
41313840
41319963
41330004
41338184
41360349
41365534
41366257
41384994
41387457
41389662
41390513
41394272
41405764
41416398
41417728
41418951
41421179
41429715
41441852
41454745
41454921
41455063
41474664
41517680
41539406
41544897
41548848
41557883
41564857
41564866
41570748
41571637
41580517
41611149
41645252
41648503
41673138
41679300
41739902
41774834
41789674
41795439
41800095
41810550
41844571
41851456
41860961
41872506
