20191380
21214290
21878233
22223084
22648257
23972655
24024571
24043975
24281185
25064086
25072507
25179590
25354827
25442132
25886376
25928327
25994516
26296371
26355606
26449559
27113966
27150293
27305763
27495906
27572065
27659702
27693939
27837054
27956791
27958223
28009979
28266600
28445252
28493544
28732031
28849278
28924200
28932093
28983745
29254205
29558871
29594551
29694357
29695251
29854763
29943219
29984761
30012047
30045668
30071778
30071779
30151798
30411673
30448873
30465255
30611280
30796212
30986263
31029111
31061552
31130474
31385006
31409607
31581445
31588193
31780711
31850550
31861079
31956003
31995555
32167722
32410380
32655266
33093457
33114476
33228665
33396317
33575350
33643692
33763295
33825033
33828203
33882773
33882892
33920118
33977352
34031433
34073865
34110490
34162858
34233640
34349171
34366607
34423001
34433890
34568040
34577800
34819143
34844040
34933803
34975896
35069599
35128843
35139717
35236338
35265206
35298796
35372046
35407555
35474600
35534217
35692753
35740542
36161045
36216618
36295568
36302879
36423037
36505437
36572706
36634919
36671876
36687122
36761730
36831465
36901812
37072351
37433774
37511998
37691923
37846332
37861099
38195916
38399539
38495485
38688960
38711517
38844684
38896406
38943032
39101639
39118942
39165679
39336577
39398428
39440388
39557959
39607114
39610376
39707376
39874200
39984913
39998766
40014783
40092962
40139834
40142250
40170848
40234089
40251973
40289661
40622186
40698084
40700478
40832328
40851065
40879173
40977659
41002546
41002591
41058738
41105967
41149494
41251836
41266946
41295487
41357174
41480208
41522099
41554743
41592550
41635510
41803088
41809804
41816606
