10228807
10749325
10803669
11116525
11124559
11208360
11269009
11424154
11570977
11758195
11914100
11972547
12074066
12153624
12190735
12399852
12501630
12552236
14680583
14732357
15920329
16845720
17079217
17412548
18002757
18521836
19517089
20045634
21548384
25578541
27243447
28918265
29725584
30271931
30734370
31748127
32001732
32381006
32985353
33119020
36928512
37989902
38061996
38587876
38975706
40411849
40423138
40795586
7531011
7531016
7531017
7531018
7531019
7531021
7531022
7531023
7531026
7531027
7531029
7531033
9594307
