19270532
19513516
21642861
22086447
23471912
24304279
24676085
27106131
29914619
31037769
31247208
31903153
32187960
32330494
33152485
33220458
33486076
33491552
33658617
33811153
34102995
34218294
34348348
34365035
34550356
34669238
34718755
34753889
34798471
34969754
34973444
34991708
35012886
35093119
35103292
35140720
35183793
35189321
35300417
35326620
35341589
35381875
35389825
35452603
35463343
35566130
35585292
35604486
35625709
35636260
35642638
35642676
35666536
35774512
35847495
35914074
35959380
35993978
36018330
36048239
36053276
36057673
36059065
36087682
36087871
36099831
36154607
36180906
36196023
36212131
36221123
36235389
36268012
36278182
36318118
36387105
36410699
36452477
36463226
36483544
36495660
36555712
36600243
36601794
36607839
36642966
36645225
36647335
36672365
36694230
36720762
36757878
36781839
36798379
36860165
36864802
36865165
36990535
37035245
37087488
37107631
37108181
37125432
37217462
37293128
37342383
37377898
37398660
37417289
37456779
37456850
37473712
37494800
37550099
37565053
37604925
37657859
37718249
37749042
37755585
37776441
37796042
38003215
38037288
38077327
38163523
38172923
38175436
38182927
38187314
38225241
38308868
38312102
38315003
38389844
38471524
38481679
38492089
38536911
38596301
38622735
38628758
38665224
38690597
38695671
38696033
38702756
38721587
38751572
38766189
38796700
38889339
38961290
39005268
39069707
39084226
39146497
39167815
39191730
39223316
39223317
39252116
39255363
39329125
39334509
39436709
39488528
39520975
39601374
39608124
39672420
39706050
39818101
39858465
39864894
39867719
39892649
39966970
39986194
40091844
40107479
40112501
40134212
40166238
40181550
40226473
40302340
40345483
40362535
40504084
40514251
40516611
40523510
40573134
40589931
40610675
40619228
40667573
40675967
40697230
40702162
40713639
40794452
40865161
40872531
40882030
40915448
40925515
40942123
40957879
40966083
41000734
41005692
41008934
41017220
41019358
41020873
41026455
41062905
41066547
41096771
41101231
41106207
41159033
41203044
41204420
41213410
41214683
41232361
41242564
41310903
41312006
41322853
41335282
41338221
41379640
41395596
41401850
41454921
41460244
41479040
41495822
41506413
41514558
41538977
41603167
41614590
41652014
41656242
41668563
41680566
41719778
41723543
41738561
41739902
41757123
41762718
41764633
41794025
41864982
41881985
41897442
41899602
