22242035
24039828
25153727
26933175
27305763
27748048
27956791
28445252
29468134
29566612
29943219
30448873
31309108
32410380
32734509
32764966
33094002
33804429
34073865
34110490
34163121
34295682
34366607
34368353
34471091
34559020
34577800
34674796
34975896
35141145
35265206
35298796
35415261
35921425
35929424
36161045
36172744
36248865
36505437
36916200
37051250
37511998
37789342
37822213
37958913
38473720
38495485
38892779
39336577
39351436
39398428
39407914
39684558
39707376
39925678
39984913
40142250
40278322
40612869
41002591
41010564
41030443
41058738
41145584
41295487
41310376
41517810
41522099
41642361
41816606
41833681
