10099164
10671777
11022735
11509143
12679000
14972475
15018081
15217148
15259065
15357444
15452554
15714990
15786766
15963152
16008113
16285617
16286025
16425987
16474762
16556078
16847468
16850340
16857310
16860626
17121439
17225800
17280536
17365674
17430694
17441457
17555392
17578342
17615530
17625013
17919699
17936800
17936815
17997016
18077913
18265750
18351319
18409659
18419995
18507002
18508189
18564135
18649659
18651999
18679076
18831671
19021611
19047195
19068391
19212862
19260381
19268572
19357510
19381053
19634694
19690866
19846922
19994799
20014883
20128836
20152517
20162283
20176250
20214427
20230379
20367410
20380511
20383185
20501734
20512487
20564114
20564422
20619011
20680294
20707653
20801701
20866097
20883113
20934243
20969640
21068758
21161537
21191835
21219135
21241237
21293939
21341574
21358073
21377590
21382149
21387165
21431390
21449970
21504653
21528889
21603311
21645963
21656761
21771104
21780545
21784489
21791716
21858986
21907840
21924838
21926538
22076783
22180520
22187023
22242035
22253052
22487909
22490861
22684834
22732857
22772432
22795500
22797110
22884198
22905844
22910682
22911830
22946544
22986696
22989087
23068708
23144340
23225428
23232639
23237221
23288211
23290301
23403455
23406803
23406907
23415962
23443188
23485154
23485995
23507589
23583532
23589077
23612069
23617352
23628808
23662500
23762994
23763889
23774040
23788403
23927210
23972483
24088318
24102396
24154945
24180802
24280584
24337790
24373800
24393333
24412177
24462161
24505785
24556711
24589188
24605026
24636331
24686760
24696277
24710053
24746315
24753285
24772773
24798386
24878144
24882353
24898413
24939285
24951216
24964077
25043075
25071354
25079940
25205025
25241245
25325826
25367011
25367065
25443920
25469016
25485722
25588324
25677840
25715364
25719540
25758333
25807764
25808497
25911884
26013953
26044461
26051730
26070919
26071619
26088400
26095255
26113389
26164416
26204742
26211870
26251996
26328944
26385662
26423402
26486329
26486330
26486331
26486332
26486333
26486336
26632846
26732321
26778462
26852219
26886904
26907717
26909114
27150750
27209510
27216160
27272685
27362886
27367874
27380753
27402264
27416634
27422297
27436018
27448780
27535093
27543259
27567745
27569086
27585790
27587968
27589927
27638336
27638337
27670618
27694164
27720531
27762603
27780661
27913213
27986210
27995543
27997415
28121624
28209068
28297832
28355119
28620685
28625958
28688020
28705555
28856386
28928042
29033101
29057436
29074037
29098986
29107031
29161293
29211405
29316291
29396626
29525229
29566612
29573835
29633004
29680384
29702099
29792650
29870466
29927437
29943219
29957755
29960750
30036514
30116963
30117172
30178293
30222549
30225720
30239415
30339360
30346394
30577402
30593391
30630199
30666400
30703824
30773377
30953091
30977019
30980700
31042109
31148367
31164823
31227775
31255980
31294141
31400963
31436239
31466073
31534329
31828387
31830312
32046072
32048951
32275187
32396479
32447414
32533247
32557832
32701978
32798975
32898975
32943648
32950757
33010331
33099812
33119421
33176628
33196540
33308906
33387088
33447030
33483288
33486605
33499743
33612045
33615955
33784931
33840627
33849324
33871826
33983695
34013821
34229458
34251879
34344031
34375163
34387805
34420446
34420448
34482675
34487074
34499554
34718835
34726617
34943854
34944804
35001881
35021942
35123819
35256958
35289112
35300712
35340884
35346518
35379536
35732289
35869903
36058811
36325337
36328488
36344243
36380155
36562709
36650023
36691925
36736917
36916200
36920492
36965581
37058533
37179515
37322373
37422679
37548310
37641497
37749406
37770359
37792639
37815381
38032013
38036413
38072817
38099828
38214171
38235931
38252181
38323616
38342612
38479562
38495485
38517812
38727256
38775254
38789378
38811288
38840273
38845330
38897584
38904239
39057142
39088086
39177396
39217521
39293525
39431644
39613544
39696866
39766134
39938664
39971377
40058174
40135250
40140552
40172640
40251973
40445073
40545780
40670261
40742653
40754483
40814140
40817649
40891484
40960236
40972334
41002546
41135772
41228308
41295487
41296829
41317817
41318252
41394807
41401176
41517810
41567092
41622222
41807146
8513829
8865561
9266238
9809637
