17363137
19128891
21166515
21878233
22115972
23927210
23972655
24561446
25075104
25238789
25367011
26862770
27354652
27668386
28392199
28457934
28578786
28841803
28871458
29158268
29575297
29914619
30072067
30092590
30151798
30593391
30982153
31152785
31290002
31409607
31486034
31486037
31486041
31486043
31502158
31507132
31629009
31812343
31842635
31865711
31870622
31874424
31899582
31903120
31911080
31916125
31947597
31952784
31955490
31973881
32029263
32044356
32050597
32096010
32097050
32122546
32122548
32125191
32130786
32144446
32151749
32158622
32183663
32200355
32209571
32226777
32235098
32245497
32274629
32300051
32301012
32321775
32330494
32360576
32379004
32391013
32396857
32409139
32411132
32411789
32413572
32415407
32423475
32472757
32478924
32480315
32492452
32496721
32499641
32514633
32544282
32546036
32546200
32570906
32589729
32591191
32594314
32607912
32624697
32630096
32631270
32661116
32671729
32671893
32687855
32693699
32700185
32707148
32718830
32734509
32739874
32795509
32796761
32798741
32799567
32803457
32811551
32816087
32822718
32826166
32828575
32838717
32838931
32853733
32862617
32893711
32903482
32920508
32921554
32942725
32965719
32972405
32980465
32983080
32992948
33004686
33008426
33015169
33025047
33086754
33087511
33093457
33117331
33122099
33154756
33172438
33184911
33202035
33204397
33207607
33207653
33215345
33227699
33232188
33237729
33245213
33249047
33256913
33261513
33264716
33271389
33275680
33290868
33297561
33311488
33328345
33340532
33341289
33394264
33433743
33442407
33470521
33481647
33486076
33496872
33497609
33530866
33538860
33545740
33563662
33577827
33586072
33589527
33590326
33593481
33625416
33628850
33635343
33637962
33643692
33643696
33648735
33650321
33662456
33667951
33670942
33679747
33707944
33707946
33719631
33720045
33722479
33741730
33752101
33759063
33760188
33771666
33781320
33798643
33802203
33808562
33811153
33820820
33822523
33837064
33849964
33855089
33856201
33857424
33857616
33864144
33871826
33903981
33905949
33906917
33909103
33916385
33919245
33921301
33922052
33923305
33927729
33945357
33966611
33972125
33983578
34000441
34010040
34033895
34035114
34038292
34050151
34050564
34051351
34066020
34089485
34094969
34119606
34129878
34134774
34135475
34142808
34149701
34156258
34158626
34163045
34189144
34195677
34206677
34208264
34209981
34215336
34215565
34215656
34229597
34241908
34248965
34253582
34307839
34332591
34341066
34365035
34367185
34375680
34376376
34382510
34411731
34412685
34415995
34446084
34452286
34452316
34453999
34456921
34462190
34475869
34476803
34494661
34498289
34533518
34556668
34559020
34578321
34579759
34582788
34642170
34642211
34659907
34661214
34663427
34665475
34671902
34685652
34687357
34707035
34721435
34733287
34740610
34746864
34747345
34753889
34769123
34798542
34820895
34830212
34847476
34854585
34894519
34904812
34920801
34920978
34922008
34928122
34948316
34976195
34987634
34991708
35008832
35008915
35027068
35037732
35051883
35053609
35069599
35073876
35088497
35095911
35105258
35105962
35121225
35122203
35122621
35124129
35127707
35128843
35129050
35140720
35153001
35163675
35164642
35185876
35189321
35191218
35199207
35199647
35200543
35205750
35211124
35227898
35232284
35236203
35247877
35250995
35255200
35265074
35265614
35266052
35269922
35269988
35279714
35285582
35289077
35300341
35303871
35314826
35316750
35316844
35328658
35344682
35369847
35395355
35395371
35396008
35398189
35403435
35429288
35432319
35436564
35436729
35440726
35445870
35452603
35463343
35468680
35469916
35474500
35482355
35483375
35485880
35486592
35488273
35492880
35499393
35524371
35524454
35534566
35551657
35568746
35568916
35570584
35575205
35577501
35579980
35584646
35593226
35604627
35609005
35612653
35621637
35625709
35633046
35642676
35653623
35668162
35676015
35680424
35682578
35686214
35687277
35690273
35694999
35699077
35699948
35705580
35711457
35716200
35719333
35720301
35721889
35732350
35741028
35741103
35748749
35750053
35759082
35773047
35777862
35793428
35796248
35797353
35800155
35806051
35809118
35814377
35815381
35815688
35818395
35821067
35831624
35831762
35841869
35846349
35847495
35851312
35855615
35858470
35868230
35869903
35874675
35874698
35875611
35876944
35879361
35882447
35886427
35893817
35895109
35909273
35911695
35912168
35924820
35930700
35935930
35936003
35956752
35959373
35961708
35962880
35963235
35976306
35984826
35988536
35990652
35999480
36002574
36003378
36017627
36018330
36032113
36038676
36042555
36047968
36048239
36058029
36062548
36062845
36063818
36070148
36070228
36072895
36082448
36088249
36090978
36092638
36097280
36098100
36100192
36101937
36104949
36108891
36112111
36116940
36117387
36122628
36131933
36139135
36154607
36160466
36168634
36171610
36174631
36175037
36175644
36175677
36175774
36184066
36190614
36190661
36193597
36195918
36200139
36206948
36220487
36221123
36223560
36226063
36228110
36233289
36240845
36243711
36248810
36252467
36253271
36253536
36254373
36254536
36255393
36261831
36271359
36274461
36275669
36279081
36280438
36299168
36301695
36307882
36309208
36309827
36310169
36311728
36311781
36313716
36327875
36341334
36341440
36342102
36343204
36343977
36356142
36382735
36382950
36387105
36399829
36400016
36401282
36402738
36403579
36405739
36405755
36423037
36426359
36429054
36430552
36437106
36438484
36447337
36448907
36452477
36452492
36464584
36466867
36466871
36479842
36484747
36493949
36503716
36509363
36512081
36512628
36517459
36525476
36529796
36529989
36539109
36549782
36550389
36567161
36567305
36569859
36569935
36575819
36576266
36579327
36579947
36582533
36584935
36586241
36588054
36591226
36591974
36593962
36595041
36599192
36600243
36601794
36609769
36611875
36618068
36618357
36618408
36621226
36621885
36622383
36627707
36627710
36629350
36631681
36635979
36639643
36642806
36650384
36658782
36671475
36674809
36682726
36683744
36688797
36689013
36689836
36700773
36703971
36717184
36720496
36720762
36721153
36726126
36727256
36734039
36736908
36739086
36750253
36754434
36755342
36755812
36757878
36758379
36758833
36759842
36761762
36763234
36768352
36768432
36768924
36769093
36774974
36776869
36779699
36779813
36780000
36781600
36785760
36787533
36793213
36793863
36797756
36798129
36798234
36803278
36817445
36823042
36824004
36829187
36835091
36841736
36842876
36845103
36845705
36851274
36854570
36855886
36856069
36860656
36869645
36870329
36875124
36877356
36879416
36880651
36881527
36883351
36890780
36896371
36899527
36899885
36905358
36907051
36907560
36909522
36911534
36911704
36913701
36918224
36923404
36931204
36933770
36942414
36944780
36948187
36951547
36951942
36952231
36957975
36959296
36960052
36960932
36967127
36967150
36968653
36970209
36971124
36971495
36971921
36974661
36982838
36989542
36993158
36993533
36995519
36999013
37003275
37004328
37020537
37022697
37029036
37037269
37037396
37040017
37042029
37046777
37051250
37051296
37052212
37058533
37061453
37062020
37062953
37081776
37083979
37086458
37086870
37087488
37088327
37099197
37100972
37105343
37106204
37114242
37116468
37119369
37119737
37122707
37122752
37124680
37125432
37146937
37150013
37150586
37150626
37151176
37153626
37154307
37156740
37158856
37160171
37163283
37165196
37165457
37166485
37173782
37175833
37182343
37185868
37186944
37196544
37197440
37198354
37198990
37200112
37205330
37208661
37212336
37213060
37217462
37218315
37223099
37224816
37229837
37231060
37239368
37248607
37257818
37258521
37259060
37259079
37259209
37261348
37263297
37271535
37287117
37289999
37294501
37294948
37298631
37307215
37307798
37307905
37312610
37315301
37318610
37325516
37326624
37330347
37330997
37338497
37340017
37343780
37344468
37344596
37346097
37348864
37349612
37350109
37356421
37359558
37363952
37364479
37364935
37368791
37369808
37370255
37377898
37378532
37382675
37389188
37395505
37398660
37399175
37400932
37403203
37407355
37407378
37418547
37420174
37420216
37422069
37423211
37426674
37429007
37433716
37433774
37440907
37441075
37441425
37442095
37442619
37444609
37445949
37446050
37446806
37449673
37451822
37456850
37457699
37457738
37459849
37460111
37462447
37476590
37481927
37486518
37488598
37495877
37496216
37498047
37501154
37502970
37504327
37507075
37511148
37511163
37514158
37520520
37520544
37522784
37532731
37536492
37537626
37539054
37541727
37542862
37550134
37551952
37554264
37554896
37559727
37563797
37564196
37566723
37568782
37568794
37569894
37573354
37578622
37583696
37587095
37587644
37587833
37591126
37592775
37597651
37600822
37604925
37606818
37608028
37612388
37612832
37615340
37620320
37624557
37626073
37631987
37646139
37646399
37647692
37648247
37648261
37651540
37654498
37655051
37655661
37657460
37657465
37658376
37660645
37661513
37666265
37671595
37673048
37677918
37677989
37679769
37682196
37691923
37694593
37694970
37695398
37695590
37698765
37704493
37704614
37706437
37707586
37712178
37712920
37716283
37718249
37723019
37730271
37731483
37734877
37736099
37737046
37738976
37740439
37741901
37744990
37748652
37748690
37748773
37748878
37755585
37762490
37772505
37779152
37781991
37788737
37791231
37793856
37793869
37795042
37795090
37796042
37796104
37797632
37797673
37799719
37819154
37819640
37822133
37823218
37824808
37827066
37828984
37830150
37833834
37833968
37844295
37855975
37863773
37863852
37864513
37864726
37865914
37870124
37870196
37871327
37873584
37873756
37879536
37885403
37885882
37889752
37894816
37901198
37901233
37904863
37908366
37908728
37914579
37914681
37914685
37916157
37916491
37916818
37918451
37924341
37932012
37932447
37932511
37938529
37939766
37943609
37944495
37946397
37947389
37951207
37953242
37955340
37962304
37965326
37967193
37969406
37971319
37978138
37978542
37986556
37987462
37988840
37990414
37992682
37993941
37995062
37997202
37999101
38005938
38006049
38008654
38009779
38017632
38019919
38022251
38022618
38029867
38032111
38035338
38036250
38038679
38038689
38038772
38039777
38041509
38044445
38048782
38050977
38052529
38052854
38055350
38059737
38065367
38065401
38066890
38066922
38067345
38067480
38072311
38072321
38072400
38072817
38077327
38077396
38077402
38082155
38082435
38087365
38087706
38090060
38090322
38099496
38104104
38112057
38116786
38126175
38129370
38136298
38142147
38145710
38148492
38154609
38158477
38159596
38162667
38164145
38167076
38167881
38168996
38170381
38170412
38170551
38173178
38181115
38191799
38193381
38194023
38194971
38198449
38199897
38200158
38201305
38206274
38213150
38214171
38215151
38218630
38218655
38226619
38232332
38232985
38238222
38241173
38241975
38242085
38243252
38244129
38245601
38249077
38250045
38250059
38254683
38256021
38266066
38268001
38268926
38269853
38271158
38272345
38273121
38278522
38279989
38282471
38286828
38290965
38292420
38295898
38296598
38297991
38302646
38305755
38309616
38310192
38310449
38312842
38320193
38323364
38326344
38330461
38331967
38336371
38336902
38339010
38342612
38343353
38346938
38347608
38349008
38349406
38352859
38361936
38372727
38375030
38377034
38377856
38379896
38381427
38382538
38383653
38386011
38386514
38390330
38391024
38400885
38401548
38401877
38402670
38404578
38409751
38410201
38411373
38411395
38424590
38425643
38427724
38429349
38433564
38436076
38440738
38442004
38445633
38448290
38453818
38454445
38456333
38459361
38462683
38466263
38468289
38468503
38469350
38470473
38471594
38471620
38474178
38475778
38479562
38481068
38482008
38489548
38492435
38492569
38492861
38494080
38498249
38501978
38502947
38507020
38520605
38521413
38525011
38525013
38526025
38528388
38529593
38530426
38538786
38542199
38547865
38548421
38549430
38554158
38555326
38558795
38566448
38572783
38573683
38576614
38576617
38579722
38580900
38581063
38582981
38583184
38584391
38587593
38587876
38589557
38596301
38599100
38603888
38605180
38605228
38609488
38609574
38610925
38612786
38612911
38613724
38614074
38614161
38614815
38615875
38616696
38617537
38617841
38618889
38622735
38623463
38623558
38627898
38629914
38631285
38631286
38635884
38636443
38638442
38639669
38640784
38641773
38642937
38643493
38650943
38653927
38656354
38657602
38658385
38662827
38664705
38665224
38670095
38672409
38673757
38676501
38677243
38679117
38679698
38680498
38683724
38685033
38685799
38688798
38693104
38695995
38696168
38697107
38698840
38700775
38701405
38704136
38704691
38705760
38712438
38712706
38715363
38716572
38717360
38721587
38727262
38729264
38730256
38730427
38731910
38734322
38735161
38742454
38742463
38743752
38745196
38745496
38749554
38750034
38750591
38754793
38756774
38759702
38762193
38762271
38762276
38762277
38763321
38763850
38768122
38769583
38778212
38778442
38779672
38787209
38788173
38788449
38789450
38789670
38799440
38799699
38801069
38801591
38805125
38806994
38807589
38808774
38809821
38810924
38811486
38814103
38818792
38818974
38819989
38820656
38821716
38821771
38822077
38825523
38828205
38830992
38835055
38838927
38840087
38840273
38840913
38842606
38845015
38847233
38848742
38848767
38858600
38859583
38861365
38866240
38873602
38874788
38875506
38877461
38885358
38886116
38886844
38889339
38889435
38891962
38892286
38893132
38894534
38895941
38903520
38906099
38907847
38908529
38909493
38909866
38910060
38910097
38910324
38914844
38916448
38916713
38917788
38922537
38924675
38925170
38928301
38928445
38933272
38943467
38946325
38948057
38948469
38948931
38950309
38953486
38954079
38956700
38959670
38960655
38961326
38962002
38962014
38962811
38964289
38969161
38971103
38973261
38978106
38983668
38985302
38986529
38988947
38989622
38990440
38990702
38994758
38994919
38994972
39002524
39004537
39004699
39009446
39009512
39009513
39011582
39025428
39026671
39028886
39029359
39030304
39030820
39031507
39033780
39033797
39034646
39034731
39034992
39038962
39043602
39044834
39047292
39047732
39048715
39048914
39050878
39051482
39051583
39054462
39054476
39054639
39058879
39058969
39059186
39061198
39062971
39066365
39066856
39068445
39068460
39069707
39076988
39085407
39089931
39090431
39091493
39095226
39095683
39098306
39101654
39103130
39106105
39114662
39117491
39121791
39121849
39123089
39123202
39129178
39133171
39134804
39135306
39135356
39135638
39141161
39141191
39143949
39144246
39146748
39146792
39149915
39150566
39151425
39152261
39154092
39162936
39164924
39166458
39166803
39167629
39173499
39178725
39185154
39186778
39189074
39191730
39193620
39196415
39199421
39199637
39201787
39210987
39212926
39213256
39213364
39218291
39223316
39223317
39223798
39225414
39235181
39235561
39238638
39240078
39242595
39245953
39247199
39247714
39252116
39253073
39255774
39258789
39259979
39260044
39260322
39261054
39264449
39267734
39273009
39273642
39285584
39293238
39297961
39299564
39300154
39301033
39301655
39305018
39305257
39306365
39307417
39310965
39311156
39312187
39315107
39328061
39329125
39329700
39333227
39336785
39351241
39357262
39367418
39367484
39373029
39376991
39380046
39380383
39382681
39388353
39389985
39390972
39392882
39393439
39396375
39401002
39403328
39405472
39410046
39414325
39417449
39419134
39420366
39425127
39426662
39427436
39428649
39430751
39433427
39435273
39438074
39438159
39443938
39446008
39447408
39448335
39449013
39451738
39454577
39455854
39456909
39457005
39460333
39461755
39461878
39461879
39463304
39464892
39467702
39469148
39474576
39474936
39475915
39478560
39485838
39490640
39495239
39496095
39500897
39502695
39502829
39503381
39510910
39511890
39512363
39516118
39516315
39526426
39533019
39535509
39537767
39537963
39539554
39544174
39545921
39548594
39551173
39553460
39555054
39563182
39563352
39567771
39569202
39572467
39573837
39574346
39575565
39576858
39577073
39577274
39578174
39579146
39581334
39582379
39582866
39588148
39594628
39599889
39601563
39603960
39603977
39604730
39605063
39606809
39608124
39608172
39609126
39614368
39615894
39617017
39617755
39622130
39623529
39625823
39626935
39629133
39631664
39631848
39632107
39633321
39638782
39639359
39641253
39645110
39645284
39650662
39653551
39657136
39660126
39660130
39660134
39662761
39663681
39663716
39664377
39666007
39666320
39667099
39667718
39667986
39669573
39669575
39671912
39675505
39679828
39680077
39684701
39684867
39691714
39696618
39697335
39699928
39703512
39704911
39705641
39706502
39709158
39713223
39713955
39718058
39721295
39722028
39723764
39724461
39729679
39730328
39735789
39739260
39739618
39745117
39746459
39747865
39751930
39753085
39753814
39753816
39754507
39755457
39757562
39760515
39763374
39766049
39769267
39769944
39772342
39789476
39790035
39793480
39794937
39798230
39798497
39798545
39798703
39800374
39804971
39805063
39805389
39809756
39814310
39817458
39821720
39825061
39826104
39830516
39830952
39833784
39835140
39838375
39840031
39840686
39841955
39844726
39847761
39848686
39848687
39851063
39851512
39853961
39855710
39858094
39859572
39864533
39867719
39869016
39872770
39873980
39874200
39877359
39878909
39883430
39883874
39884522
39885985
39888507
39888568
39890521
39891760
39897033
39898020
39900019
39900203
39900272
39900315
39900318
39902185
39908461
39909032
39913893
39913958
39919536
39920148
39921214
39922441
39925817
39927795
39931252
39932529
39938154
39938499
39938664
39939139
39939955
39941761
39945240
39947441
39948424
39948481
39948961
39951340
39951377
39957693
39960349
39963784
39964352
39966970
39971202
39972681
39975543
39975734
39976981
39978048
39978967
39978971
39979394
39980537
39980806
39983725
39984771
39988897
39989333
39991775
39993510
39995672
39995677
39996528
40004731
40005517
40008409
40008870
40012027
40012708
40013133
40013724
40015179
40016450
40021425
40023356
40024355
40025566
40028328
40029253
40029598
40037453
40038186
40038780
40040691
40040705
40045156
40045363
40047620
40048137
40050525
40052671
40054656
40054657
40056186
40056273
40066440
40066453
40067898
40068592
40068706
40069686
40070819
40070841
40072049
40072566
40074558
40075663
40076777
40079683
40079845
40081220
40086437
40087147
40088875
40090318
40091844
40095378
40098061
40098106
40098172
40106587
40107242
40108464
40108924
40111053
40112501
40114589
40116905
40121824
40122025
40122371
40124706
40126217
40129017
40129250
40131263
40132771
40133688
40135802
40139025
40141097
40144393
40144682
40146860
40148310
40152219
40153139
40154216
40154956
40155043
40156838
40158322
40162997
40165319
40166020
40166238
40166981
40169075
40171885
40180420
40180421
40181964
40184763
40185333
40191207
40192238
40192976
40195559
40197318
40202172
40205818
40209501
40209638
40209851
40211993
40214484
40220027
40220909
40226448
40226601
40227534
40227773
40229574
40232354
40234089
40234667
40237717
40239336
40241233
40243570
40244544
40245117
40245752
40247651
40248696
40248897
40250571
40253831
40261296
40266144
40266436
40266437
40266497
40266513
40267755
40272709
40272913
40274828
40276504
40276508
40277742
40279090
40279944
40281554
40282924
40285805
40287170
40288658
40289661
40289711
40293187
40293533
40293942
40293943
40294876
40297587
40300858
40303342
40306469
40308191
40308611
40308645
40314129
40314865
40319478
40320222
40323166
40324379
40326072
40327249
40331259
40331271
40332761
40334526
40334660
40335368
40338058
40340863
40344477
40348212
40348489
40349459
40349900
40350205
40354071
40355283
40356359
40357397
40358739
40362535
40364843
40365291
40365750
40374534
40375426
40377638
40377687
40381958
40382641
40383023
40384918
40386781
40388736
40389374
40389543
40391872
40394797
40396385
40397376
40399506
40403728
40406096
40406146
40407722
40407726
40409451
40409481
40412579
40413007
40414076
40414874
40415627
40416959
40418751
40420372
40422211
40422251
40422537
40428391
40432113
40436347
40439479
40439571
40439687
40440305
40440685
40442774
40443110
40443649
40446464
40447312
40447887
40448746
40449649
40449973
40451756
40455115
40456194
40457025
40457437
40457715
40458070
40458686
40459760
40460374
40460898
40465005
40466642
40469279
40473227
40473462
40475770
40478172
40478956
40479650
40480008
40480218
40480232
40481543
40484084
40484955
40488386
40488739
40490790
40496863
40500480
40502306
40502368
40504865
40510353
40512146
40513329
40513391
40514068
40515479
40516256
40516611
40516842
40518291
40520563
40521192
40521198
40522181
40530561
40530896
40532262
40534854
40535838
40536073
40537997
40539068
40541013
40542948
40543041
40543510
40545780
40548513
40549304
40550271
40552914
40553282
40554389
40555086
40555560
40557547
40558528
40561430
40561431
40561432
40563598
40565559
40570702
40570997
40571659
40572608
40574860
40574864
40575948
40578367
40581703
40586719
40589329
40589752
40592776
40594309
40595495
40602955
40604285
40606990
40607397
40609835
40611295
40612941
40612946
40614401
40615323
40617323
40617533
40619225
40619226
40619274
40619749
40623177
40623606
40623765
40623767
40627200
40627846
40628691
40629403
40629510
40637538
40640393
40645337
40649958
40650799
40652009
40653355
40657740
40659791
40660679
40661955
40665890
40670243
40670261
40670719
40673965
40675157
40675967
40676479
40676580
40676834
40679093
40682424
40684496
40685330
40693391
40695291
40697230
40698084
40698840
40699333
40700855
40701653
40701743
40701744
40707377
40707958
40709190
40711613
40712061
40712567
40712816
40713403
40713639
40713697
40713785
40715107
40715608
40715695
40717708
40719980
40723238
40725022
40726978
40728126
40728577
40733515
40738400
40738541
40738544
40738981
40739670
40742298
40742385
40747678
40749417
40749578
40749946
40752495
40753800
40754469
40755782
40757874
40760704
40760734
40767886
40770084
40771630
40771804
40772339
40777004
40777022
40777041
40779207
40779733
40784086
40784272
40785950
40789685
40789740
40789743
40792105
40795300
40801440
40801569
40801642
40804279
40805277
40806182
40806185
40815657
40818199
40819431
40819510
40819753
40827547
40829053
40833596
40834528
40835706
40836888
40840600
40842554
40845844
40847228
40847229
40847233
40847238
40848820
40849659
40849827
40849910
40854817
40861473
40861475
40862711
40865183
40866293
40869030
40872531
40872773
40873562
40873588
40874563
40879173
40880198
40881578
40881676
40882030
40883169
40884462
40884958
40885089
40888645
40890119
40891130
40892540
40893686
40897718
40898321
40903191
40903324
40905947
40910255
40910367
40910376
40912036
40914466
40918129
40918142
40923119
40923270
40925418
40926122
40927712
40927726
40929270
40932272
40934857
40934881
40935417
40935640
40936722
40937720
40943370
40944718
40945517
40948290
40948427
40948781
40952557
40953757
40954078
40957170
40959054
40959085
40960236
40961556
40962204
40963596
40966083
40966317
40968311
40970572
40970784
40970869
40972447
40972573
40973047
40973067
40973278
40973826
40974479
40974488
40975614
40977706
40982660
40987206
40988453
40990518
40991899
41000377
41002560
41004981
41007751
41008611
41012702
41013723
41016975
41019052
41019358
41020434
41024879
41024885
41025699
41027185
41030233
41030443
41031472
41033072
41033113
41033612
41034054
41034055
41036598
41037956
41038349
41039566
41041043
41042160
41045984
41047807
41047879
41049010
41050683
41052881
41053808
41055080
41059491
41062905
41065878
41066547
41066596
41067881
41068915
41073150
41073604
41073827
41074210
41076191
41084514
41086053
41086259
41088223
41088941
41096581
41097634
41099720
41101231
41101232
41102501
41105967
41110778
41112295
41112307
41115502
41120252
41122677
41123446
41123566
41130540
41132663
41133967
41135520
41135859
41136631
41136986
41137066
41138491
41138712
41140014
41141584
41144949
41145849
41146171
41146651
41151612
41152720
41159031
41159033
41163074
41163402
41163421
41164188
41167225
41169397
41175949
41176077
41177723
41177968
41178349
41179284
41181090
41181132
41181138
41182170
41184464
41186143
41186834
41187575
41187909
41193778
41197206
41197754
41197755
41200165
41203044
41203628
41203950
41205726
41208966
41209565
41215803
41222719
41225741
41228258
41231105
41231502
41232361
41233057
41235226
41236047
41236308
41237439
41237834
41238092
41238220
41240535
41242468
41242855
41243049
41243692
41246300
41250081
41251836
41253489
41256843
41256852
41261087
41265176
41266946
41267447
41270389
41270950
41271729
41274291
41274527
41276359
41276526
41278473
41280925
41281744
41290108
41291120
41294832
41294877
41297423
41297684
41301443
41303473
41305642
41308859
41309872
41311290
41313664
41313840
41314288
41314978
41315287
41315764
41315871
41317093
41317730
41317817
41318814
41319516
41319963
41320670
41328155
41328341
41330004
41335282
41337878
41338184
41340123
41344976
41346587
41346710
41347070
41347753
41349354
41350482
41351413
41352221
41352482
41352705
41352744
41354242
41354809
41355950
41357181
41357193
41358143
41359255
41360332
41365149
41365533
41365534
41366157
41366257
41372740
41375004
41377431
41378040
41378083
41379034
41381218
41381536
41383608
41384583
41385334
41385861
41387030
41387457
41388199
41389662
41391993
41394807
41394818
41394868
41394872
41399351
41403286
41403943
41408054
41408957
41410660
41412274
41414954
41415283
41417728
41421179
41423709
41425703
41438130
41438742
41440025
41441852
41441899
41441952
41443881
41446280
41451200
41451226
41452607
41452751
41454610
41454921
41455063
41460244
41460301
41463198
41465586
41466010
41466579
41469665
41472726
41474664
41476983
41478662
41479562
41479921
41482406
41482527
41483491
41485684
41486167
41486882
41488631
41489230
41490885
41493068
41493473
41495048
41496455
41497186
41506382
41506789
41510159
41511412
41517680
41520164
41520913
41524578
41526899
41528176
41529304
41539230
41542901
41543784
41543875
41544734
41545304
41546861
41558873
41559435
41560310
41560593
41564370
41564514
41564592
41564857
41564866
41567187
41568144
41568291
41570748
41570815
41572139
41576929
41577418
41578757
41581575
41583427
41589006
41595133
41597174
41601628
41601657
41603167
41603282
41608560
41611302
41612728
41613119
41613126
41613151
41614590
41616936
41623268
41625477
41628747
41629133
41629271
41630477
41631921
41634252
41645963
41648503
41651454
41652014
41654971
41660849
41662350
41663007
41663279
41663428
41666756
41667304
41670551
41672452
41672594
41673081
41674174
41677939
41678952
41679300
41680566
41683874
41685611
41687244
41687685
41689608
41701126
41705232
41708868
41710876
41719778
41720042
41720607
41722564
41723543
41736320
41737211
41739670
41740058
41740833
41746109
41748506
41756289
41760592
41762718
41763450
41763612
41766111
41766766
41766877
41766886
41772962
41777887
41777897
41781019
41783325
41789078
41794025
41795439
41796021
41798957
41800246
41801404
41803088
41804857
41809804
41811823
41813314
41820210
41823246
41827827
41828476
41830513
41836369
41836396
41846252
41846864
41850242
41850740
41853278
41853314
41858509
41866608
41868241
41869409
41870000
41871874
41873114
41878443
41879036
41892190
41893758
41895746
41898598
