11103804
20202214
22439925
23154267
24617941
24796928
25365234
25482950
26148236
26420565
26919657
27400479
27488617
27510264
28350075
28843620
29296215
29553135
29555321
29603622
29959989
30822194
30885978
30902832
31202359
31530405
31636445
31819175
31819198
31823471
31830561
31952784
31982460
32057283
32152504
32157706
32180338
32243836
32300553
32315286
32367570
32400970
32409139
32547946
32670573
32756381
32815067
32828650
32921554
33165972
33177494
33238124
33281098
33290868
33305825
33324565
33359260
33379345
33384955
33400401
33408185
33466735
33482908
33484758
33504974
33520703
33532002
33664850
33671107
33718166
33791987
33809187
33809480
33878705
34014531
34031618
34036430
34065602
34070384
34133161
34208645
34240146
34247201
34281987
34282188
34282314
34298883
34353436
34373744
34471091
34472721
34502416
34638609
34642211
34650675
34666780
34715056
34745994
34763025
34771718
34840111
34858835
34862480
34910890
34926283
34931768
34932167
34952379
34968704
35047448
35054968
35216429
35246504
35255601
35269390
35276232
35286311
35317519
35348849
35388955
35389425
35396921
35405370
35444235
35565690
35592358
35624775
35633046
35649505
35657693
35697980
35755805
35760572
35794729
35831624
35847495
35880569
36017886
36043793
36077431
36093148
36163365
36185175
36222379
36247675
36290817
36311734
36316440
36318118
36350285
36358687
36387132
36436181
36442772
36452492
36474273
36476935
36479819
36490341
36493949
36536047
36541457
36576435
36612084
36613455
36618408
36654155
36683155
36686771
36703971
36768924
36774349
36776368
36799863
36850263
36914208
36921709
36933381
36936031
36993533
37011733
37013052
37064872
37133969
37170010
37210563
37211170
37212238
37261610
37343435
37398660
37426676
37466394
37473534
37477784
37541532
37550099
37553212
37604643
37606818
37736880
37776422
37836529
37860928
37868956
37884486
37913974
38040601
38071310
38102658
38140817
38168996
38171333
38180952
38200551
38239299
38286828
38292487
38297372
38308868
38339256
38339375
38348027
38396172
38412100
38433193
38485929
38494080
38503501
38514913
38520647
38538285
38546323
38555403
38611096
38622716
38698165
38701369
38763321
38769583
38778409
38823393
38831058
38832007
38849886
38873945
38884097
38891772
38915784
38919017
38933335
38961290
38973161
38996912
39059359
39086383
39098704
39119332
39137648
39192979
39212201
39227970
39273552
39284665
39304355
39305329
39305483
39327500
39329757
39376991
39377414
39385213
39388353
39403606
39409901
39450056
39456607
39456787
39457509
39457563
39461979
39472817
39567756
39574178
39602959
39610917
39620588
39631851
39664377
39671294
39696340
39728429
39747873
39765891
39777474
39809265
39862916
39864560
39877156
39896279
39897050
39904774
39925801
39986235
39986611
40021041
40025169
40045411
40048137
40076506
40078366
40089067
40098971
40157514
40175681
40202553
40204707
40207307
40208053
40215126
40223062
40226473
40244246
40244544
40252747
40253354
40257698
40277923
40299564
40326072
40342932
40356913
40370433
40375990
40385494
40414874
40429787
40433363
40469185
40495637
40500135
40534854
40539068
40553967
40573210
40580639
40598593
40600185
40654336
40659604
40665352
40668928
40683677
40701308
40724998
40725231
40739089
40743579
40750753
40771630
40771804
40777004
40783392
40784272
40790192
40797262
40846970
40849659
40850204
40853247
40912036
40915448
40919131
40919729
40927726
40929940
40948781
40956032
40959054
40974488
41004981
41005517
41016676
41017220
41020873
41032069
41039566
41042301
41049741
41059490
41063413
41086053
41102168
41112042
41112295
41129010
41141584
41142618
41163383
41177968
41179284
41181090
41205595
41232361
41237439
41252775
41261087
41277911
41278473
41281744
41286438
41303512
41309192
41310903
41330004
41346587
41349881
41366157
41394868
41398969
41414954
41423400
41437263
41439989
41465382
41466579
41473689
41506330
41509977
41524196
41536497
41601657
41623268
41628747
41650522
41684840
41687746
41714782
41720042
41794025
41820210
41822903
41825848
41850242
41866005
41869637
41873114
