34229597
34847476
35008915
35474500
35841869
35911695
36233289
36253536
36274461
36279081
36309208
36343977
36448907
36466871
36550389
36880651
36911704
36944780
36995519
37040017
37116468
37261348
37307215
37307905
37338497
37364479
37511148
37712178
37932511
37955340
37999101
38035338
38082435
38129370
38241975
38400885
38572783
38617537
38631285
38759702
38788173
38808774
38838927
38874788
38903520
38906099
38946325
38959670
38961326
38969161
39009512
39009513
39025428
39044834
39103130
39135306
39146792
39223798
39235561
39301033
39315107
39382681
39545921
39623529
39633321
39669573
39703512
39724461
39805389
39826104
39840031
39869016
39890521
39909032
39963784
40015179
40158322
40166981
40180421
40184763
40272913
40279944
40300858
40314129
40334660
40348489
40354071
40357397
40381958
40457025
40459760
40460898
40484955
40530896
40561430
40578367
40592776
40617323
40617533
40653355
40715107
40770084
40792105
40819753
40914466
40927712
40927726
40972447
41123566
41130540
41178349
41203044
41232361
41237834
41238092
41250081
41270389
41294832
41301443
41351413
41352744
41387030
41394818
41403286
41438742
41469665
41482527
41486167
41496455
41520913
41526899
41544734
41560310
41560593
41570815
41589006
41612728
41629271
41663007
41683874
41800246
