31903120
33473101
33641576
33670942
34566407
34872567
35053609
35127707
35185876
35265614
35285582
35345451
35593226
35720301
35814377
35818395
35846349
35874675
35890409
35893817
35962880
35969778
36038676
36072981
36090974
36160466
36168634
36174631
36224645
36226063
36239794
36245631
36248865
36307882
36311701
36313716
36405755
36569935
36579327
36591226
36618068
36671475
36761744
36781600
36795124
36813666
36836593
36851274
36970194
37100972
37165196
37165457
37315301
37323470
37420174
37428918
37503351
37612832
37744371
37766141
37779866
37828818
37908366
37969406
37978542
38063199
38166691
38238340
38258070
38268001
38280084
38282471
38331967
38379935
38410201
38459592
38463885
38514186
38528670
38584166
38623558
38679698
38702343
38721587
38742454
38782542
38822328
38825711
38828205
38914844
38948931
38976715
38988947
38994758
39081320
39081513
39247199
39325256
39367418
39380383
39392882
39403328
39410046
39538331
39576858
39696618
39761175
39762875
39793480
39833784
39848687
39902185
39910301
39939414
39972124
39999840
40004731
40012708
40041887
40066453
40067898
40072566
40141097
40195559
40260289
40300855
40327249
40432085
40432113
40458686
40496863
40504865
40519325
40539045
40606990
40665962
40676580
40698840
40700574
40713697
40723238
40725022
40738981
40772339
40898321
40948290
40948427
40963596
41002441
41007751
41041043
41042672
41088223
41089727
41136602
41200165
41208966
41218853
41226782
41273281
41303473
41309872
41377366
41377431
41377933
41381536
41415544
41479562
41514653
41597174
41654971
41662350
41708868
41720607
41744786
41746058
41760870
41853314
41868241
