20866097
21528889
22275826
22619526
23667309
24579667
24724706
24853427
25268975
25670331
26049699
26719532
26909114
26977386
26996446
27305763
27535093
27597657
27832093
28053531
28123298
28436963
28919752
29144754
29180759
29914561
30016571
30104875
30140154
30339360
30346394
30347751
30348269
30413115
30481959
30573951
30613291
30881202
31048681
31410214
31534329
31581445
31819438
31903120
31903156
32001695
32169869
32317755
32368047
32718998
32821097
33154756
33177823
33245955
33262127
33304778
33311561
33411765
33420008
33431631
33447030
33513992
33531565
33628850
33632266
33654395
33707944
33707946
33755377
33796822
33879173
33995609
34026428
34040370
34135582
34267518
34279055
34353334
34566407
34646381
34771499
34815789
34822926
34901564
34975896
34987634
34989170
35024441
35027829
35027951
35038238
35039005
35090484
35128843
35154485
35216400
35256958
35265206
35338126
35348320
35592098
35612653
35710424
35797353
35815688
35847495
35889257
35969778
35971187
36013433
36015275
36033422
36046833
36064266
36080088
36090974
36105317
36139078
36168634
36190661
36193561
36267767
36278159
36311701
36313716
36338124
36376604
36403209
36437106
36438485
36451070
36457858
36479842
36532565
36533676
36540822
36567305
36591226
36618068
36632237
36635761
36645225
36650023
36658631
36671876
36683155
36718541
36787533
36793354
36794651
36840363
36850263
36895188
36910721
36926681
36960932
36970209
36982200
36989943
37009262
37047172
37047585
37051250
37104963
37165196
37165457
37193644
37201179
37254596
37294501
37298513
37299224
37323470
37427115
37428918
37441902
37446806
37502970
37514158
37525695
37530575
37551087
37566091
37569377
37600822
37622997
37626073
37635168
37668041
37679769
37698765
37766141
37789342
37814270
37817020
37870196
37904863
37907972
37914681
37919282
37946517
37958913
37970806
37980476
38004594
38009779
38032117
38041509
38054080
38067480
38071346
38102658
38130152
38164146
38187094
38187314
38188167
38197613
38238340
38242952
38254683
38282471
38286999
38317419
38352859
38373953
38379935
38391039
38396841
38406602
38414525
38427627
38468289
38469059
38491817
38505170
38514186
38525013
38528670
38542447
38571953
38595994
38607007
38660023
38721172
38777821
38791209
38799699
38804384
38811964
38840237
38849886
38855730
38858780
38862461
38882543
38883421
38889339
38893132
38895146
38918812
38928445
38973161
38987747
39000401
39034648
39043763
39050878
39051482
39051705
39058879
39066365
39068589
39081513
39095760
39128990
39175020
39175882
39188860
39191130
39199637
39203014
39209877
39225150
39225560
39247199
39267113
39274842
39282574
39311156
39333571
39337266
39337651
39339288
39342211
39380383
39396375
39407665
39410046
39415281
39420366
39427436
39460311
39464892
39472940
39483548
39501968
39502027
39530107
39531509
39553460
39557959
39591142
39592417
39606562
39651805
39679828
39684701
39691714
39698701
39710707
39713223
39718207
39727871
39731215
39735671
39735681
39749925
39751965
39762427
39769944
39770508
39783849
39809265
39820726
39824865
39845772
39856701
39873980
39897552
39902185
39904189
39921482
39972124
39994712
40017508
40022699
40040833
40041887
40041906
40050802
40056273
40061885
40067898
40076496
40098719
40114032
40125427
40125434
40135802
40165796
40191042
40197318
40207307
40209056
40235054
40255674
40274835
40289661
40291594
40294549
40300855
40303342
40308645
40319304
40321808
40338058
40358194
40382641
40385494
40385495
40387863
40397376
40414874
40420025
40423138
40429960
40440060
40443068
40444010
40457437
40474033
40490790
40502368
40504865
40515479
40519325
40529859
40535838
40536233
40539045
40542009
40542357
40546803
40548119
40567832
40589329
40589931
40599396
40619274
40620681
40650308
40653819
40654336
40657740
40665962
40676580
40698061
40698351
40700574
40707984
40738981
40739670
40760734
40775400
40785950
40789685
40789906
40801569
40805277
40825677
40849813
40855307
40873588
40891984
40893363
40898321
40918942
40918946
40943370
41002441
41041043
41049741
41059491
41062714
41068915
41084514
41084982
41088223
41089727
41104047
41124828
41133967
41146651
41155526
41180369
41185751
41203044
41209702
41225039
41226208
41226355
41226782
41238218
41252775
41273281
41286899
41291120
41306662
41313802
41328155
41328341
41334581
41338221
41344600
41346710
41354809
41357193
41358374
41377366
41377933
41381536
41383280
41384994
41385334
41404378
41414871
41424452
41424865
41451168
41451226
41467876
41474664
41479921
41495048
41497186
41501774
41509977
41525248
41537177
41550169
41554743
41597174
41625776
41630477
41654811
41661421
41664042
41683779
41689696
41695484
41710577
41752461
41788857
41803088
41828476
41850240
41853314
41858575
41869409
41878128
41878133
