12855653
19448394
19893593
21102422
22172413
22509396
23869779
24170435
24535016
25208916
26373887
26814609
27119111
27298410
27374176
27579292
27779616
28228085
28345026
28376211
28566376
28967094
28974431
28981385
29137714
29175158
29420595
29703699
29983890
29988525
30008259
30105219
30231333
30352606
30426287
30538109
30972741
30978253
31016228
31081549
31193737
31315674
31422446
31486033
31486034
31486037
31486039
31486040
31486041
31486043
31486044
31486045
31626813
31650025
31676387
31694938
31694943
31812343
31812724
31842635
31874424
31887267
31899582
31940588
31941828
31969562
32044323
32050597
32061304
32067509
32078405
32122546
32122548
32130786
32145203
32158622
32166558
32183663
32187960
32233540
32243836
32245497
32248971
32264803
32299493
32330494
32379004
32391613
32394753
32411132
32417652
32459400
32496721
32532291
32553482
32600158
32631270
32665126
32682455
32694051
32718830
32757116
32759235
32767235
32795509
32799567
32803457
32816087
32826166
32828575
32838931
32921554
32930107
32958389
32992948
33015169
33037696
33086754
33104955
33117331
33146805
33154756
33172438
33176492
33179413
33183957
33199510
33207653
33213031
33215453
33232188
33232299
33261513
33262221
33271389
33311488
33338804
33370632
33394264
33402021
33419801
33444691
33476633
33481190
33496872
33499700
33504253
33504260
33507706
33513935
33538860
33593481
33593882
33621140
33643696
33679747
33686265
33722479
33760188
33771666
33798643
33816784
33820820
33845199
33849964
33905949
33920168
33922052
33922406
33980264
34010040
34033895
34036669
34060602
34090878
34119352
34123767
34135475
34158626
34196308
34198859
34205379
34206677
34208264
34209981
34315854
34332591
34405694
34408176
34448096
34452286
34452316
34514094
34559020
34578321
34578339
34579759
34638863
34671902
34685652
34696348
34696515
34707035
34721024
34733287
34747345
34748806
34751685
34757194
34769123
34881625
34894519
34922008
34948316
34999916
35027068
35062322
35111663
35114923
35135217
35143960
35156714
35163675
35179844
35183793
35220999
35251496
35316844
35338089
35344682
35349786
35355980
35393389
35399605
35436729
35441043
35468697
35488303
35603396
35612653
35623296
35632759
35633046
35690273
35692753
35699077
35719333
35759082
35767011
35792620
35795092
35796248
35800155
35801932
35864255
35959373
36010559
36042555
36090998
36092638
36097280
36117387
36190661
36204869
36212775
36220487
36221123
36255638
36299168
36310169
36311781
36312814
36360292
36387105
36399829
36402738
36405739
36435236
36436021
36436709
36438484
36452227
36474303
36476493
36502755
36545949
36560800
36572093
36587124
36604694
36618408
36619294
36631681
36680222
36697099
36717184
36732155
36744961
36755342
36755812
36768352
36768432
36788695
36817448
36824004
36829187
36835091
36851497
36860656
36879416
36899582
36920334
36923404
36959781
36969187
37001838
37008834
37031291
37042029
37061120
37072246
37086948
37132155
37142291
37153626
37185868
37208018
37212336
37213060
37234776
37248607
37296165
37318610
37318642
37321037
37325516
37356421
37410243
37410244
37433246
37433716
37439437
37442619
37459849
37497707
37515162
37522197
37541690
37541727
37542862
37554264
37619813
37625523
37627206
37631987
37633084
37634292
37635168
37641004
37646139
37646399
37653997
37654972
37662010
37675296
37742281
37748878
37757634
37762490
37766219
37774484
37779152
37795088
37797673
37805624
37820722
37841530
37865096
37865914
37880008
37891570
37908722
37940647
37993000
37993941
37997186
38005938
38009779
38010777
38022659
38037288
38048782
38077402
38079267
38100982
38112057
38167076
38167409
38171406
38178138
38191799
38226619
38243252
38248092
38249077
38250045
38256021
38278522
38296599
38309616
38310465
38318175
38325225
38336902
38339240
38357955
38378555
38386514
38390330
38400885
38428724
38448290
38453818
38473379
38474178
38548421
38549312
38549430
38558795
38566092
38566448
38576614
38596304
38609488
38637150
38679698
38693104
38702343
38725667
38730256
38731910
38734899
38750591
38754793
38756774
38757346
38762277
38773064
38788973
38789670
38799699
38801591
38806994
38818792
38821716
38835055
38863971
38874788
38886116
38886138
38893156
38896363
38910324
38925170
38928301
38928445
38935348
38937436
38975633
38983668
39026671
39037559
39038109
39051583
39060020
39060022
39114662
39127095
39154830
39196415
39238638
39259387
39293238
39299564
39336785
39342391
39369544
39389985
39390431
39409870
39414325
39419151
39430750
39456909
39457005
39461878
39465481
39467343
39481189
39501324
39516525
39536909
39539554
39551600
39561737
39567771
39572525
39577073
39577274
39588373
39599878
39599889
39614430
39615894
39621278
39626935
39631848
39631851
39667099
39667718
39674886
39684701
39697335
39721295
39726258
39735789
39794937
39801205
39826543
39830516
39831754
39861805
39878909
39945240
39954173
39978967
39990685
40004731
40005517
40033102
40054657
40070841
40075351
40081220
40092697
40107242
40108464
40121989
40143547
40148310
40168105
40170848
40195559
40207236
40234089
40234152
40239336
40248194
40259204
40266497
40266513
40285023
40303488
40313149
40314865
40328703
40332761
40336045
40341033
40352942
40353308
40360587
40386781
40406146
40409481
40411783
40420372
40450521
40465005
40478956
40480657
40484644
40495611
40495644
40496863
40518291
40522181
40536073
40539780
40555086
40570702
40571659
40593216
40612869
40682424
40698086
40701653
40709190
40721857
40725231
40733515
40739089
40749578
40788183
40789743
40804279
40821119
40827547
40842554
40849827
40856020
40858105
40872773
40873562
40899166
40920359
40923119
40932352
40957170
40962204
40968311
40972447
40975614
40977706
40991899
41000377
41007774
41016975
41016988
41023529
41027185
41033113
41053536
41062177
41097035
41132667
41138712
41148834
41174733
41175341
41177968
41228258
41231105
41233057
41236047
41238218
41253490
41257772
41261087
41261913
41271087
41294689
41294877
41314288
41338023
41350820
41357181
41386377
41416429
41425703
41438130
41440025
41451200
41454366
41463198
41465586
41472305
41510159
41531183
41545714
41550155
41564514
41603282
41611302
41616936
41628747
41629133
41639062
41672594
41674174
41679299
41689740
41707512
41720042
41746109
41756179
41781019
41800095
41827827
41850740
41879930
41895746
41898598
9607419
