15030786
25728459
26367393
26380110
26477839
26996446
27535093
28123298
28346389
29575297
30347751
30573951
30613291
30881202
31048681
31164823
31410214
31534329
31766152
31819438
31903156
32368047
32552718
32821097
33245955
33304778
33311561
33408790
33603343
33632266
33707944
33707946
33755377
33800821
33879173
34026428
34118951
34135582
34522584
34646381
34901564
34944804
34963897
34987634
34989170
35027829
35038238
35090484
35151824
35154485
35179801
35236203
35280333
35413839
35484709
35568916
35592098
35601559
35710424
35815688
35966148
35971187
36046833
36195918
36243711
36267767
36319895
36338124
36437106
36438485
36457858
36512940
36540822
36567305
36594611
36646509
36840977
37051250
37168380
37179515
37187119
37192893
37193644
37201179
37285593
37299224
37312610
37395638
37446050
37569377
37661565
37870196
37914681
37933299
38004594
38032117
38041509
38045635
38050474
38197613
38247202
38308196
38398131
38406602
38525011
38542447
38571953
38595994
38610042
38745666
38849886
38858780
38883421
38918812
38987747
39051482
39051705
39136145
39175882
39191130
39247199
39337633
39396375
39398428
39459197
39472589
39507962
39537767
39553460
39651805
39679828
39698701
39735354
39744220
39766134
39770508
39783849
39904189
39921482
39960349
39971377
39992547
40017508
40040833
40041906
40165796
40197318
40294549
40321808
40338058
40365750
40385495
40490790
40521198
40542357
40546803
40548119
40567832
40595976
40698351
40707984
40739670
40855307
40893363
40918942
41104047
41117183
41124828
41133967
41138491
41155526
41209702
41252775
41286899
41328341
41334581
41344600
41394807
41451226
41496304
41501774
41550169
41654811
41664042
41689696
41788857
41858575
