24579667
28632992
30969932
31553293
31568814
31629931
31650446
31669203
31712683
31753490
31787750
31811941
31836456
31898156
31903153
31911080
31930723
31955490
31965074
32005245
32037829
32061304
32070778
32075397
32093567
32122376
32160543
32164505
32172132
32215876
32221609
32228106
32300176
32310340
32369697
32371587
32388810
32398948
32400970
32407116
32457312
32467316
32480315
32506298
32563252
32571799
32639661
32661432
32719125
32732911
32738271
32755579
32787343
32798465
32883316
32908313
32981006
33008426
33017470
33032822
33037191
33041245
33044685
33059228
33075425
33077400
33077733
33082213
33087511
33095241
33097661
33109489
33113997
33135887
33176972
33203609
33214570
33217343
33268569
33275888
33322239
33326793
33333017
33352723
33422376
33475295
33487630
33523837
33554679
33565092
33568347
33608117
33631125
33646064
33660217
33671579
33674744
33676427
33685992
33716297
33720045
33724122
33760847
33781502
33795234
33808562
33837064
33857424
33878705
33888468
33933518
33941852
33963218
33966611
33983578
34034685
34066020
34070674
34073075
34172532
34215565
34247201
34252965
34289788
34373746
34376376
34407687
34425876
34454516
34469736
34481156
34518297
34522226
34529928
34550356
34558311
34573292
34583722
34590285
34615983
34642211
34656698
34663427
34715056
34762994
34764236
34830205
34840111
34891621
34904807
34904812
34921012
34948122
34973468
35034923
35039048
35051747
35051883
35121901
35190335
35205750
35217990
35247877
35255601
35257896
35286311
35290241
35328658
35337340
35343196
35346236
35352098
35367833
35440675
35444283
35562840
35563769
35568026
35581470
35583999
35606358
35625709
35636395
35636517
35642638
35657956
35666536
35673573
35679134
35681619
35708734
35715861
35741863
35766436
35788128
35788291
35798878
35867222
35876858
35886427
35892198
35952757
35959961
35972384
36001933
36076571
36123603
36124788
36124790
36180906
36181326
36200139
36228090
36253861
36379512
36420962
36446128
36446254
36455556
36461713
36512628
36529989
36543851
36611214
36617643
36645245
36648507
36761837
36798379
36810086
36828124
36865165
36890003
36899885
36961373
37023499
37042191
37057596
37079210
37105990
37108451
37130473
37148685
37156306
37195105
37210563
37218919
37240195
37252797
37259920
37288783
37298997
37324948
37352467
37392863
37415740
37445949
37446144
37454223
37478560
37488947
37496993
37536521
37544725
37552839
37567056
37603479
37666476
37697435
37724648
37737478
37756561
37797273
37815873
37845006
37863651
37866880
37878693
37882675
37890990
37892162
37916491
37932012
37934606
37978128
37978138
37978141
37978143
37987734
38000655
38029867
38030179
38036782
38036785
38040871
38043609
38069409
38113447
38134746
38171333
38194775
38218178
38227408
38244572
38255825
38266066
38275587
38279263
38295487
38310806
38316463
38330461
38347608
38377739
38407276
38481068
38509368
38546323
38578210
38607047
38617536
38629456
38630886
38698165
38704100
38742308
38766189
38767454
38805125
38849016
38874023
38886830
38917788
38965423
38977941
38993641
39001941
39003371
39004561
39007266
39128273
39137490
39150817
39167815
39189367
39210507
39210987
39217242
39218291
39241482
39259424
39265497
39292752
39293516
39305329
39305483
39306235
39326802
39353240
39353441
39357262
39378885
39396849
39422810
39428397
39436709
39446008
39461277
39478560
39491662
39510841
39510910
39581504
39625239
39627502
39672008
39684639
39706050
39723587
39746459
39791278
39814695
39842503
39868490
39892701
39901548
39910291
39932206
39962391
40033056
40036611
40082588
40105672
40138743
40139025
40149461
40192976
40194555
40243501
40245117
40269969
40274197
40278910
40299225
40341956
40345483
40350205
40358476
40370063
40378357
40381685
40389543
40422251
40429787
40442774
40473227
40479897
40488739
40516634
40526642
40553328
40553338
40554389
40561338
40611295
40615674
40637085
40668928
40675892
40694535
40700855
40729867
40730818
40758706
40764600
40764992
40767886
40782650
40794452
40795793
40846998
40848256
40851437
40855114
40859871
40862711
40865183
40869030
40877927
40888991
40913762
40935881
40948328
40957713
40970784
40973047
40982437
40991405
41006228
41016676
41033396
41074426
41086259
41096581
41096794
41112293
41125481
41131861
41135715
41138311
41150233
41155174
41175949
41205176
41213161
41216604
41217910
41232210
41240428
41265458
41281744
41284132
41314432
41326371
41336725
41337148
41337397
41370931
41380866
41390513
41423054
41442499
41446759
41460301
41462072
41465382
41518123
41537447
41557499
41557625
41565349
41568291
41603167
41610314
41616521
41651132
41668072
41734590
41738461
41795021
41820210
41860961
41866608
41876459
41877308
