15126372
17551011
18596380
18596382
19387848
20492723
21548832
22290258
22429348
23095807
23304737
23659608
23891283
23899985
24555979
24574359
24794308
24884522
25003941
25213867
25213870
25407354
25620708
25727223
25769484
25955102
26010837
26024653
26125449
26143265
26311253
26350296
26513694
26551239
26558989
26658786
26670969
26670971
26736813
26737876
26737877
26739692
26756205
26862770
26883559
26986446
27052640
27076281
27177573
27339426
27354652
27382117
27556184
27556699
27561100
27628854
27664860
27668385
27668386
27668387
27668388
27695068
27809808
27845746
27865821
27918194
28259296
28268799
28269429
28269540
28269726
28281173
28298023
28303729
28358361
28399638
28425987
28427800
28470383
28518093
28524900
28544575
28561706
28578786
28604803
28664468
28681243
28715315
28765323
28832384
28841803
28849310
28849343
29023236
29158268
29200110
29241354
29260225
29261637
29284495
29349613
29392273
29392280
29471879
29631935
29644485
29681995
29696502
29708404
29715350
29715353
29905756
29914619
29987746
29990984
29993870
30026416
30060963
30064027
30072067
30124334
30133493
30150597
30155806
30302280
30317361
30341282
30374424
30396819
30410163
30413356
30415456
30441441
30469352
30506499
30534421
30641498
30717372
30722819
30817495
30866031
31026557
31050315
31058901
31072204
31089145
31127507
31187319
31290002
31323651
31375748
31401938
31444292
31476621
31507132
31609738
31610842
31628016
31707040
31783910
31842288
31940516
31947448
31989489
32020470
32144446
32156119
32157552
32239234
32274629
32307022
32324425
32380584
32407989
32477443
32478924
32535723
32578135
32614759
32666048
32704022
32734509
32734621
32818721
32850308
32925205
32938326
32988908
33037945
33074042
33080774
33086019
33144698
33163284
33163308
33189686
33215030
33215088
33215345
33221711
33322413
33371210
33394264
33442407
33481149
33556161
33781503
33881725
33903981
33948346
33950471
34026655
34068775
34092568
34094969
34102743
34214730
34215656
34245959
34249709
34395289
34407687
34482104
34503460
34522459
34542840
34588144
34632866
34659907
34687357
34692470
34804927
34808285
34808377
34847422
34883030
34892148
34926281
34930368
34963556
34970698
34973444
34976195
35061762
35071498
35181800
35186474
35199647
35205750
35216098
35227898
35326718
35359402
35368806
35395355
35397674
35411245
35426370
35433483
35454925
35477828
35503190
35589663
35611870
35639236
35716200
35740624
35782043
35806051
35812042
35821680
35839284
35840560
35861406
35889257
35898934
35924820
35954334
35970941
35973687
35982032
36039063
36060271
36062548
36070228
36072789
36085888
36093532
36098100
36100970
36153883
36185858
36206948
36208441
36220835
36271359
36291557
36306728
36336899
36355259
36358594
36430552
36439464
36483066
36521103
36638331
36647335
36678814
36703794
36706198
36717682
36720762
36741707
36765594
36765840
36768432
36831698
36872620
36894660
36902447
36932454
36983757
36987739
36991198
37046777
37131108
37190598
37213481
37220298
37287008
37335714
37366877
37408858
37417289
37437806
37493865
37574780
37627079
37657460
37657465
37665740
37681903
37700230
37706199
37796104
37863773
37882243
37916157
37931176
37953242
37955637
37970358
38039995
38039996
38048782
38058802
38067345
38067354
38090060
38094629
38195076
38201663
38226619
38249077
38260214
38288093
38296645
38349201
38375030
38396172
38417178
38455403
38468503
38481068
38487722
38512420
38560348
38560349
38563851
38564342
38579343
38664630
38686418
38729108
38741305
38859683
38859711
38884919
38891962
38900237
38928445
38932544
38949692
38983668
38993641
39023183
39088157
39144246
39154656
39161078
39206129
39269554
39296975
39334165
39364266
39401002
39412953
39438159
39480453
39481699
39502829
39659832
39792561
39877359
39893330
39931252
39949927
39949944
39989968
39997634
40010134
40012027
40063153
40066359
40067514
40075663
40098106
40104463
40112913
40126769
40134291
40148314
40163248
40175974
40223378
40227534
40227773
40245752
40266436
40277742
40343807
40387458
40400212
40404987
40422825
40448572
40455099
40466642
40467542
40470784
40495024
40523217
40527221
40579859
40583763
40640144
40682424
40730281
40738400
40778672
40779733
40785950
40835706
40885689
40889189
40919729
40948474
40991008
41003641
41033072
41033612
41041265
41071147
41077804
41081963
41084982
41092939
41134946
41137809
41152167
41175238
41187466
41202509
41228258
41332567
41335801
41347753
41362034
41424865
41465516
41465586
41473753
41567092
41637807
41643315
41655754
41697534
41716879
41760592
41868692
41877308
41878524
