31444923
31955490
32245497
32547946
33878705
34373744
34862480
35284036
35338310
35565690
35620395
35755805
35818395
35859734
36123603
36200139
36594611
36648507
36936031
37064872
37081756
37369808
37860928
37889752
37896193
37943609
38037288
38215151
38339256
38342612
38347608
38443363
38453898
38623558
38702722
38799433
38887519
38988947
39117626
39265497
39342211
39420366
39450056
39475915
39614268
39744220
39783849
39824180
39904189
39986611
40033102
40040833
40078366
40253354
40294549
40303342
40411849
40512146
40539068
40567832
40598593
40659604
40675967
40783392
40846998
40872531
40893363
40919131
40936722
40956032
40963899
40988453
41020873
41049741
41068915
41074210
41163383
41174733
41181090
41209565
41209702
41310903
41460301
41497186
41554743
41668072
41836396
