27119111
30352606
31819198
32130786
32310340
32547946
32660617
32718830
33384955
33828203
34066014
34452286
34666780
34862480
34926283
35338310
35399707
35818395
35859734
36100322
36612084
36613455
36680249
37064872
37860928
38167076
38297372
38339240
38453898
38702722
38884097
38891772
39075259
39119332
39342391
39403606
39574178
39610917
39614268
39696697
39924751
40025169
40078366
40223062
40356913
40370433
40469185
40619749
40685330
40783392
40919131
40956032
41020873
41131861
41163074
41163383
41277911
41281744
41284414
41394868
41836396
41869637
