33473101
33641576
34566407
34872567
35814377
35890409
36038676
36239794
36248865
36307882
36311701
36795124
36813666
37165196
37165457
37315301
37323470
37908366
37978542
38063199
38238340
38258070
38268001
38280084
38282471
38584166
38679698
38782542
39081513
39325256
39379923
39392882
39403328
39410046
39538331
39761175
39833784
39848687
39902185
39910301
39939414
39972124
40004731
40041887
40067898
40072566
40141097
40144393
40195559
40432085
40496863
40504865
40698840
40713697
40723238
40725022
40738981
40898321
40963596
41002441
41007751
41007774
41136602
41208966
41273281
41303473
41377366
41377431
41377933
41415544
41514653
41597174
41654971
41662350
41708868
41720607
41744786
41746058
41853314
