22823110
28829584
29236476
29613770
30481959
31553168
31664821
31877023
32188241
33185089
34142808
34160201
34928122
34962762
35023715
35238549
35348320
35699224
35904186
35981098
36170351
36306738
36583572
36688797
36802411
37200049
37201179
37212750
37352467
37530575
37737568
37819640
38038679
38055350
38117769
38180952
38197613
38278522
38556991
38587876
38627898
38712706
38829727
38975706
39038109
39151414
39387174
39463304
39563182
39630424
39749925
39988897
40114589
40201936
40203215
40552914
40629510
40829053
40905947
40948474
41071600
41273281
41533499
41549530
