21370886
26479328
30339360
30734551
31037944
31329411
31415145
31701733
32027119
32192326
33196160
33237729
33301289
34019368
34033477
34101408
34533937
34961307
35699948
36043358
36576435
36595474
36662514
36787533
36940438
37052212
37163695
37192117
37219376
37338326
37452740
37452744
37756635
37877885
37962532
37991726
38038271
38334437
38683584
38769350
39041365
39136145
39378300
39413005
39437325
39847761
39883874
39980205
40126217
40146860
40338058
40340336
40503610
40525768
40538146
40623064
40637538
40998735
41047879
41344600
41395784
41460244
41641635
41645424
41800921
