23788403
27384408
29672956
30734370
30762908
30856290
31696981
33064322
33118267
33792083
34050564
34278622
34296464
34655115
35133042
35174915
35179801
35524454
36017886
36134532
36222379
36245299
36326183
36545949
36757878
36780890
36840977
36881527
37133969
37165741
37263297
37384818
37437039
37460111
37462447
37466394
37796042
37864513
38064417
38372431
38433564
38549283
38678386
38810924
38895941
38896775
39022876
39081102
39104292
39225414
39308222
39380383
39617984
39713955
39745117
39797474
39801156
39972681
40095378
40357877
40495637
40495695
40772339
40891130
40919729
40944369
40970784
41104711
41328886
41486882
41603282
41608848
41670551
41803617
