33854870
34026428
34279055
34989170
35038238
35128843
35484709
35652198
35971187
36403209
36437106
36479819
36567305
36594611
36646509
36683155
36951547
37193644
37395638
37587833
37661565
37740439
37824205
37845006
37870196
37884486
37997186
38032117
38041509
38247202
38308196
38342612
38528670
38704691
38742454
38868910
38889339
38973154
38973161
39051482
39054639
39166458
39574346
39606809
39651805
39679828
39739618
39761175
39783849
39853961
39874200
39921482
39960349
39985225
39996528
40135802
40289661
40344511
40365750
40470716
40536233
40657740
40679093
40698840
40789065
40789685
40827547
41053536
41084982
41117183
41133967
41313802
41572139
