21723082
24835696
26653552
27825799
29864953
29966978
31177063
31562979
31918289
32187960
32407989
32920508
33227699
33360156
33370632
34214730
34607105
34798471
34847476
34894519
35078093
35240524
36076571
36272261
36274461
36399829
36481408
36495660
36502755
36586241
36689836
36921539
36933381
37004328
37105074
37119737
37196544
37343435
37364479
37473681
37481927
37591126
37647692
37660645
37757492
37769391
38154273
38295754
38377739
38603888
38603889
38677243
38810406
38878686
39137648
39216449
39260322
39307117
39332185
39395257
39418963
39557010
39818101
39933445
39986235
40086424
40215646
40253831
40456194
40513391
40684496
40752422
40782435
40834748
40929940
40967079
40987205
40987206
41191983
41270471
41297423
41319516
41337878
41385861
41702764
