12657164
19563641
20202214
20492723
22257467
24460801
24602180
25064086
25367065
25886376
25994543
27150293
27377548
27809808
28288572
28750659
29433469
31029111
31101022
31307409
31842863
32631270
33676427
33882892
34034685
34233640
34503460
35073876
36814222
36949454
37550634
37641004
37700230
38166691
38302933
38580900
38641773
38664630
38840087
38877461
38898390
38987752
39054462
39054476
39060958
39390431
39472817
39633321
39962391
39984913
40025472
40098106
40175974
40420025
40993621
41136986
41250081
41350820
41606514
