10537292
11103804
1423282
15126372
1657377
2477149
26216549
26719532
26988985
27020857
27550455
28811315
29180466
30885978
31311810
31719100
32571799
33262127
33531370
33685992
33888468
34548332
34759001
34853037
34921012
35027467
35247877
35583999
35788291
35792620
35839284
35972384
36318118
36512628
36525476
36799863
37057596
37272756
37522838
37712178
37987734
38266066
38319231
38501978
38588411
38635884
38745496
38861365
39082679
39186778
39288077
39412953
39495239
39531509
39777474
39804971
39891927
40126545
40245117
40370063
40439571
40694535
40694540
40712061
40882030
40966317
40991405
41066547
41066595
41066596
41088878
41490421
