18314258
18829156
19646810
20202741
21807458
22079741
22306341
23612069
25554016
26968248
27060208
27693455
27810405
30904618
30998963
31132429
31207320
31325528
31629931
31669203
31765733
31830561
31911080
32044356
32070778
32160976
32738271
32941949
33075425
33122099
33290868
33359275
33444691
33444692
34119606
34129878
34245853
34627949
34655667
34740610
34762994
34808285
35151824
35995138
36087682
36122628
36442772
36455759
36493899
36509363
36584935
36893893
37031916
37061120
37088327
37146937
37597651
37619813
37730105
37769798
37806516
38065401
38272345
38309616
38428724
38704136
38762193
38801886
38849016
38936505
38969161
39025428
39033797
39218291
39424260
39426662
39805389
39862916
39892701
39924081
40021041
40054656
40054657
40068706
40209851
40216150
40306545
40381685
40409451
41016676
41045984
41135859
41423054
41485684
41490754
41539406
41663007
41740833
41763450
41825848
