24281185
30717372
31842288
33080774
33371210
33379345
33498757
33808562
34068775
34208645
35053487
35053609
35158742
35205750
35326620
35326650
35326718
35454925
35681619
35740624
35954334
36230572
36358594
36358687
36428640
36612084
36672365
36765594
36765840
36831698
37046661
37046777
37444609
37568782
37568794
37627079
38067345
38067354
38136298
38201663
38339375
38610925
38893132
39061198
39199637
39410046
39456607
39766049
39858094
39941761
40075663
40227773
40563598
40563656
40723238
40805277
41008934
41097634
41228258
41228308
41375004
41375068
41463198
41514558
41595133
41899602
