11776378
16344988
16506069
23254777
23955682
27585790
27743027
29124315
29487979
30547218
31422446
31893287
31897661
32144446
32219501
32623477
32767058
33025047
33538860
33635343
33909103
34160684
34218294
34999916
35199207
35776159
35809118
35895109
35963895
36066649
36436021
36795124
37166485
37428196
37635172
37707586
37801126
37863852
38279989
38280003
38280084
38349406
38554158
38954079
39105814
39105878
39123089
39264449
39751930
39751965
39891760
39904774
40056186
40072566
40293533
40358739
40377687
40465005
40542851
40699333
40944718
41117996
41136631
41222719
41251836
41417042
41441899
41801404
41874698
