31766152
32050597
32570906
32630096
32942725
33921301
33922052
33922406
33923305
34685652
34943854
34944063
35563769
35741028
35741103
36010547
36010559
36429015
36429054
36611875
36831298
36899885
36980246
37048069
37190019
37190057
37566091
37681903
37759484
37830607
37947595
38201305
38334638
38474359
38607007
38607047
38727262
38920629
38994972
39273009
39329700
39594628
39851489
39851512
39996761
40072049
40072062
40214484
40277923
40358194
40422211
40422251
40558528
40801569
40801642
40862711
41148834
41294832
41294877
41439989
41440025
41511330
41597174
41677622
41827827
