12855653
15131034
17000693
21062929
21856766
22205688
22492982
22811583
24788102
25391695
25896973
26755530
26758559
26763248
26773162
26927662
26933175
27515299
27559053
27815355
28069724
28108545
28193627
28223274
28733441
28765323
28864723
29158268
29463549
30538109
31582515
31628143
31848190
31941830
32086346
32209571
32439700
32718998
33082213
33203644
33328345
33334906
33451980
33504551
33563632
33568347
33593882
33811153
33820780
33849964
33883177
34074654
34253582
34615718
34965945
35486097
35748749
35921524
36255393
36269795
36305867
36342102
36355054
36449280
36638198
36648507
36884217
36928921
36976175
37022784
37061987
37279095
37326624
37327318
37439710
37471457
37656059
37695642
37882675
38038689
38113039
38306232
38372727
38381406
38551501
38573683
38593212
38690597
38743752
38772416
38935348
39321214
39513959
39625823
39841860
39869307
39964352
40029253
40260627
40378061
40407722
40407726
40499141
40586719
40757874
40779207
40788183
40932352
41086053
41091103
41427810
