25604499
27931843
28259296
33059228
33264716
33271389
34808377
35227898
35395371
37001838
37562695
37866413
38122916
38295890
38403093
38615873
38621469
38838927
39103130
39255911
39551117
39667718
39864533
39900315
39900318
40024355
40216282
40294876
40306469
40320222
40348212
40409481
40412579
40617323
40685098
40701308
40712901
40714150
40819741
40848820
40912590
40953757
41005517
41176077
41237834
41274527
41274529
41274532
41317817
41320145
41360349
41380866
41401850
41544734
41587589
41611186
41628747
41655754
41707756
41839398
