29725584
30374424
31781498
31788443
32226777
32300553
32547946
32850308
33215030
33324565
33384955
33520703
33614492
33718166
33996545
34026655
34094969
34123767
34195090
34222009
34249709
34268109
34395289
34497771
34513653
34568040
34692470
34745994
34804927
34858835
34926281
34926283
35096619
35111663
35141145
35280746
35359398
35359402
35372046
35433483
35463343
35619904
35692753
35814377
35912168
35924168
36072789
36185175
36226063
36313716
36387105
36387132
36439464
36452492
36686771
36703794
36713578
36741707
36776368
36845705
36910637
36959781
37168380
37397359
37427115
37441425
37746263
37916157
38487722
38807759
38884097
38993641
39026981
39165679
39296975
39376991
39403328
39610917
39655075
39839798
39876889
39980537
39990685
40236647
40248194
40260289
40469185
40548119
40606990
40936722
41142618
41256321
41347070
41395596
41415544
41853314
41878524
