32391013
32411132
32903482
32983080
33117331
33154756
33679747
33927729
34149701
34248965
34367185
34456921
34475869
34721435
34733287
35069599
35095911
35140720
35185876
35211124
35250995
35265074
35300341
35432319
35603213
35693807
35711457
35720301
35720311
35874675
35874698
35911695
35935930
35936003
35990652
36003378
36003404
36032113
36090974
36090978
36090998
36131933
36248810
36268012
36275669
36311701
36311728
36311732
36311781
36325337
36341334
36341440
36405739
36405755
36426359
36466867
36466871
36483544
36569859
36569935
36591226
36618357
36618408
36703960
36703971
36755812
36761730
36761744
36761762
36776869
36776873
36798129
36817445
36817454
36845103
36875124
36911704
36923404
36960052
36969187
36999013
37006310
37020537
37051250
37122707
37122752
37153626
37223099
37261348
37359558
37388744
37398654
37398660
37426674
37441075
37457699
37457738
37503351
37520520
37520544
37539054
37545491
37559727
37583696
37600822
37654498
37671162
37691923
37705978
37711615
37731483
37736099
37795088
37795090
37799719
37828984
37841262
37868956
37885882
37901233
37908366
37915564
37942328
37965326
38022618
38077327
38077396
38077402
38106404
38162667
38179054
38250059
38268926
38312842
38318175
38343436
38361936
38390330
38404578
38440738
38482008
38558795
38576614
38576617
38617841
38638442
38650943
38680498
38698840
38711517
38720892
38756774
38765008
38779672
38799440
38807589
38840913
38863707
38873602
38903520
38933272
38962002
38962014
38983860
39026671
39034992
39044834
39076988
39091493
39114662
39211043
39238638
39247199
39253073
39267734
39281673
39301033
39315107
39351241
39391312
39430750
39430751
39464892
39502695
39539554
39555054
39569202
39582866
39588373
39650662
39660126
39660130
39660134
39664377
39669573
39669575
39691714
39697335
39703512
39830516
39835140
39840031
39877359
39885985
39902042
39925817
39975543
39995672
39995677
40013133
40028328
40040691
40040705
40066440
40066453
40070819
40070841
40124706
40129986
40170848
40181964
40191207
40207236
40248696
40276504
40276508
40297577
40297587
40308611
40352940
40352942
40364843
40386781
40406096
40406146
40416959
40443649
40469279
40475770
40496863
40510353
40534854
40539045
40539068
40574860
40574864
40589752
40607397
40612941
40612946
40661955
40698084
40709190
40726978
40755773
40755782
40771804
40777004
40777022
40777041
40861473
40861475
40873562
40873575
40873588
40881676
40918129
40918142
40927712
40927726
40948781
40959054
40959085
40963596
40969763
40977706
41000377
41019052
41030443
41050683
41080595
41098733
41112293
41112295
41112307
41132663
41132667
41142819
41159031
41159033
41164188
41169397
41181090
41181132
41181138
41200165
41208966
41235226
41246300
41256843
41256852
41280925
41346587
41357174
41357181
41357193
41383608
41394807
41394818
41394868
41394872
41403943
41415267
41415283
41438742
41451200
41451226
41472726
41476983
41479892
41479921
41488631
41567187
41583427
41601628
41601657
41613119
41613126
41613151
41659862
41705232
41710876
41727501
41737211
41756289
41766877
41766886
41777887
41777897
41789078
41798957
41836369
41836396
41853278
41869309
41878443
