22275826
22619526
28053531
28123298
28919752
30104875
30140154
31534329
31819438
32368047
32821097
33177823
33447030
33654395
33707944
33707946
34040370
34135582
34267518
35027829
35280333
35592098
35966148
36632237
36926681
37192893
37525695
37795042
37904863
37933299
38050474
38054080
38406602
38414525
38469059
38505170
38525011
38525013
38660023
38799699
38828205
38855730
38882543
38895146
39050878
39188860
39282574
39530107
39553460
39606562
39713223
39845772
39925678
40061885
40098719
40125427
40125434
40165796
40191042
40207307
40255674
40308645
40321808
40385494
40385495
40444010
40535838
40546803
40599396
40620681
40665962
40785950
40842554
40918942
40918946
41084514
41146651
41185751
41306662
41328155
41383280
41404378
41424452
41451168
41497186
41858575
41869409
41878128
41878133
