24192821
26907257
29584629
30150597
30469352
30813267
31947597
32726977
32899415
32932697
32992948
33086754
33167404
33207607
33207653
33255340
33322239
33322413
33352723
33499282
33513992
33670942
33671107
33671579
33802203
33919245
34063642
34065602
34070384
34070674
34073075
34210094
34298883
34502416
34638609
34638863
34769123
34830205
34830212
34884583
34948122
34948316
35008832
35008915
35008996
35054968
35163134
35163675
35216098
35216379
35216400
35216429
35269922
35269988
35328658
35682578
35806051
36076996
36077152
36077431
36233289
36362089
36430552
36555398
36555712
36613455
36674809
36768352
36768432
36768924
36769093
36835091
36901812
36902447
36982200
36982838
37047172
37047585
37047704
37108181
37108451
37175509
37175833
37175916
37240195
37298513
37298631
37445949
37446050
37446144
37446319
37511148
37511163
37569377
37569894
37762490
37833968
37834077
37894816
37958672
37958913
38003215
38003245
38003302
38069146
38069255
38069409
38139386
38203786
38255825
38256021
38256120
38279263
38339010
38396776
38396841
38473720
38474178
38542199
38542447
38612786
38612911
38673757
38731853
38731910
38791209
38891772
38891962
38892105
38892286
38928301
38928445
39000401
39062971
39201435
39201787
39273083
39273552
39273642
39337266
39337633
39337651
39456787
39456909
39457005
39684558
39684639
39684701
39684867
39769267
39769279
39859572
39941003
40004027
40076496
40076506
40076777
40141097
40243501
40243570
40244246
40332761
40362535
40362682
40429787
40429960
40430032
40649958
40650221
40650308
40724998
40725022
40725231
40806182
40806185
40869030
40869080
40943370
41009364
41009609
41096581
41096771
41096794
41097035
41155174
41155526
41226355
41226782
41303473
41303512
41373888
41465382
41465516
41465586
41683779
41683874
41752065
41752108
41828476
