31940588
32300051
32661116
33589527
33741730
33820820
34035114
35577501
35732350
35851312
35882447
36175037
36343977
36549782
36634919
36717184
36720496
36750253
36854570
36878534
36918224
37263673
37364935
37433716
37648261
37730271
37734877
37793856
37848261
38296598
38336371
38519053
38519055
38642937
38821716
38886116
39043602
39414325
39433427
39461878
39461879
39615894
39631848
39653551
39794937
39800374
39848686
39848687
39855710
39939139
40086820
40139834
40154956
40180420
40180421
40187754
40234089
40300855
40300858
40341030
40341033
40350205
40355283
40389374
40447312
40480657
40484644
40514068
40518291
40555560
40701653
40789740
40789743
40854817
40866293
40903191
40954078
41052881
41062177
41067881
41167638
41218853
41238218
41238220
41253489
41253490
41314978
41365533
41365534
41381218
41506789
41545304
41629133
41672594
41720607
41781019
41850740
41871874
