10334534
10458255
10561274
11454891
11870157
12065561
12885806
15051755
15738535
17228019
17606972
17606975
18281673
18645193
19188680
20159824
23233719
24019549
24419115
24799465
25847929
25847936
26811532
26858339
26884586
27217461
27298410
28029303
28034064
28045625
28296582
28817371
28968173
28981385
29095681
29240541
29328861
29384722
30452337
30856044
31329516
33048619
34003702
34995128
35119908
35759727
36082969
36521103
36716411
37224424
37327461
37433103
37793077
37801674
37824799
38950309
39058969
39496095
39805063
39913893
40448572
40450573
40523217
40779733
41037766
41061200
9196156
