20655966
25660073
26348387
28764995
28928042
29474964
29653222
30075210
30445003
31733295
32853733
33010331
33245955
33662456
33722612
33933518
34274382
34293320
35124129
36100192
36206948
36220487
36493949
36682726
36736908
37244297
37423524
37567504
38215985
38278367
38341177
38492861
38697317
39271060
39278358
39413848
39549730
39798703
39848590
39892649
39947405
39993636
40015339
40068736
40127723
40158813
40185333
40246243
40268199
40436347
40609835
40840600
40848762
40912307
40925418
40962123
41033396
41038349
41101697
41101699
41101701
41106435
41135699
41173361
41319963
41354242
41360332
41386377
41506382
41720271
