21387165
25416050
28161827
30155806
33880669
34268641
35716200
36175677
36175774
36650384
36928512
37040017
37083979
37294501
37318610
37318642
37330997
37779152
37805624
37855975
38129370
38170412
38656354
38874788
38990440
39162936
39470962
39560842
39653960
39704911
39812745
39928091
40072692
40100578
40153139
40237855
40266497
40272709
40285805
40314865
40448746
40542948
40581703
40679715
40702162
40711613
40715608
40719980
40858788
40928584
40974479
40974488
41032069
41284132
41320744
41441952
