16985057
17363490
19074849
21220495
22778154
25670331
26719576
26861249
27297866
27550944
27559142
27765848
28108597
28536313
29703841
31694888
31871270
32371587
32747418
32847977
33087511
33262221
33268569
34172532
34253590
34518297
34642211
34725191
34750196
35405736
35499393
35534238
36223541
36228090
36459691
36800443
36861363
37196158
37294948
37302522
37420274
37451822
37586844
37619980
37775098
37788341
37816503
37828725
38205802
38346938
39312187
39494690
39575565
39600127
39786401
39812376
39851063
39868490
39886906
40008870
40105672
40202172
40293942
40293943
40326293
40358476
40465538
40583763
40635151
40836888
40911899
41030069
41379640
41668563
41841415
