24138843
30352606
32098629
32122376
32563252
32972405
33172438
33451333
34454516
34598686
34872567
35241090
35277177
35303871
35331236
35337340
36221123
36261831
36635761
36721153
36726126
36759842
36797756
36810086
37173782
37291608
37415164
37420174
37488598
37660039
37814270
37974170
38200551
38225603
38378555
38459592
38519913
38581063
38702722
38730427
39127670
39443938
39478560
39574178
39614268
39696340
39710707
39856701
40050802
40319304
40336045
40442774
40442785
40457437
40713697
40760704
41039566
41057853
41068915
41088223
41174733
41184856
41469665
41664042
41668072
