28851861
29180759
30796212
30975996
31048681
31186412
32001695
32457312
33037191
33288764
33420008
33976129
34031411
34050151
34140467
34162858
34556668
34795289
35338126
35606358
37002234
37105990
37210563
37258521
37296165
37433774
37532731
37626073
37704614
37914681
37914685
38052854
38167409
38167722
38286999
38310192
38467634
38580648
38654015
38750034
38777821
38937436
39112464
39154092
39191730
39209877
39242595
39428397
39472589
39500897
39613742
39617755
39638782
39730328
39747865
39747873
39920148
40038300
40274828
40341383
40595495
40730818
40764600
40813394
40890106
40890119
40890128
40957879
41006228
41068081
41271729
41276526
41315287
41326371
41366257
41372740
41381536
41408054
41422272
41490885
41519804
41554743
41571637
41663428
