25928327
26477839
26658786
26672742
26949038
26996446
27488617
27535093
27597657
28266600
28924200
29109418
29662080
31089145
31227775
31780711
32001732
32704022
32943648
33214570
33311561
33531565
33785775
33828203
33963218
34031433
34193902
34282188
34349171
34408176
34433890
35654933
35705580
35864202
36097280
36302879
36572706
36717682
36894660
36944780
37012357
37258563
37340017
37454232
37737478
37741901
38191799
38242952
38326344
38331967
38429349
38429446
38688960
39030304
39043763
39152261
39217242
39333227
39333571
39389985
39462141
39516525
39537963
39557959
39730440
39762427
39824865
39825061
39948424
39979394
40082588
40121208
40360587
40542009
40594309
40595067
40595976
40652009
40775400
40789906
40804279
40830586
40835706
41047388
41062714
41073604
41136602
41145584
41184322
41193623
41225039
41291120
41309872
41310376
41507253
41618092
41644630
41844942
