11570977
17551011
20202214
21214290
22648257
23095807
23774040
24043975
24264763
24884522
25003941
25886376
25994516
26311253
26852219
26870371
27076281
27113966
27659702
27809808
28266600
28732031
29261637
29431697
29468134
29708404
29743117
29984761
30045668
30071778
30352942
30374424
30611280
30986263
31101022
31385006
31819829
32640783
32764966
33094957
33099812
33116571
33163308
33389616
33473101
33481149
33650321
33784931
33802129
33804429
33825033
34034685
34300141
34395289
34407687
34471091
34819143
34861036
34921012
34926281
34964270
34969754
35001670
35071498
35073876
35181800
35190963
35191229
35236338
35380021
35385985
35474600
35487626
35575280
35661819
35694999
35701330
35851312
35866178
36060271
36185858
36248865
36271359
36295568
36380155
36387105
36635979
36714125
36790667
36795124
36800443
36817454
36854570
36879708
36896371
36911534
36959781
36975207
36984629
37008834
37022784
37062957
37093551
37120591
37122752
37158856
37190598
37223099
37287117
37401244
37440245
37440907
37608028
37645774
37648247
37844295
37885403
37901233
38003302
38022251
38090322
38241572
38271158
38323364
38325225
38330461
38404578
38446353
38459559
38482008
38574190
38580900
38710956
38761096
38807589
38844684
38859683
38892779
38898390
38915282
38924675
38983306
39030820
39068445
39112464
39133276
39144246
39288654
39303279
39390972
39425127
39451738
39512363
39550213
39607114
39623529
39660134
39705641
39789476
39797275
39806366
39825061
39851917
39872770
40013724
40016450
40040691
40129986
40166020
40203774
40268898
40276504
40276508
40293533
40400212
40439479
40470784
40500480
40555560
40557547
40622186
40698084
40726978
40755773
40817649
40918129
40986696
40991008
41002546
41011847
41030443
41073604
41098733
41100061
41112307
41142819
41149494
41152720
41234596
41256321
41314978
41357181
41403943
41415283
41446280
41466010
41476983
41479892
41538481
41716879
41801404
41858509
41878443
