18362931
20159824
23381814
27453763
28193627
32219501
32307022
32532291
32661116
32912922
33005623
33215088
33513935
33723260
34160684
35486592
35534566
35794623
36053771
36356599
36459691
36638198
36701651
36738333
36884217
36948922
36952231
37165196
37263673
37272756
37294948
37323470
37327461
37420274
37619980
37648261
37852261
37855056
38022659
38036782
38263486
38345397
38519055
38583184
38626769
38642937
38658031
38750034
38782542
38886116
38940019
39105878
39216478
39375952
39414325
39538331
39551600
39572525
39604730
39614368
39652449
39735354
39789619
39874964
39910301
39939955
39964352
39972124
40091844
40107242
40114411
40180420
40234667
40260627
40293943
40341383
40343678
40389374
40450573
40480657
40484644
40519325
40586719
40595067
40595495
40640393
40662373
40693391
40707958
40789743
40866293
40881578
41117996
41148834
41218853
41315287
41493473
41514558
41540424
41672594
41856971
