11870157
12657164
16506069
19091547
19188680
19563641
19994799
20149207
20564355
21062929
21382149
21431390
21548832
2185460
23233719
23469828
23659608
23891283
24019549
24419115
24574359
24794308
25213870
25407354
25477010
25727223
25787829
26125449
26143265
26513694
26551239
26858339
26862770
26884586
26927662
27052640
27138271
27150293
27377548
27579292
27592038
27664860
27865821
28045625
28259296
28281173
28290489
28427800
28473255
28561706
28750659
28832384
28841803
28849310
28849343
28856386
28971750
29074037
29240541
29284495
29384722
29392280
29463549
29594551
29905756
29987746
30060963
30064027
30177406
30206110
30374424
30396819
30426287
30452337
30506499
30817495
30856044
30859355
31026557
31127507
31329516
31582515
31783910
31968651
32020470
32067509
32091598
32193692
32226777
32335187
32423420
32535723
32536525
32666048
32700972
32734509
32861569
32925205
33037945
33044685
33144698
33387088
33516195
33586072
33646064
33840627
33881725
33945357
34003702
34233640
34289788
34332591
34503460
34638308
34692470
34804927
34894098
34894519
34904812
34930368
34965945
34973444
35131133
35189345
35220303
35227898
35318309
35732350
36059065
36082969
36156278
36175037
36306728
36336899
36439464
36546552
36600534
36647335
36734039
36814222
36856069
36883351
36902447
36927010
36927011
36933770
37031282
37086458
37099197
37111346
37150013
37174127
37200112
37395505
37526149
37550634
37574780
37657460
37742278
37822213
37824808
37866413
37878779
37988840
37999784
38058802
38090060
38115178
38245601
38249077
38363528
38379896
38436076
38454445
38468503
38481679
38485186
38508135
38555403
38610925
38630383
38664630
38730427
38768122
38789670
38840087
38842606
38848767
38861293
38874308
38910060
38919123
39033192
39057142
39144246
39164924
39212926
39232496
39330050
39401002
39446010
39480453
39516118
39601563
39633321
39657136
39669573
39680077
39707376
39756041
39791278
39826104
40008409
40010134
40079683
40092697
40126684
40129250
40139025
40144682
40163248
40192238
40248696
40260627
40288679
40418751
40446464
40448572
40455883
40460679
40484955
40573932
40602955
40624355
40653367
40657894
40685282
40728126
40762824
40779733
40840230
40897718
40923119
40976544
40991899
41033612
41037766
41121224
41125110
41164188
41187466
41243354
41257369
41317730
41377933
41378040
41398969
41452751
41482527
41489244
41540835
41542901
41567841
41579215
41601628
41617329
41632561
41634252
41737316
41745713
41760592
41789078
41844942
