22586319
22778154
25719540
25994543
26449559
27999738
28045625
28288572
29347993
31628143
31823832
31903153
32086346
32323103
33048619
33129040
33203644
33389825
33542131
34039647
34615718
34991708
35119908
35326718
35379737
35890409
36093532
36255393
36447337
36463226
36474303
36521103
36642966
36754451
36920492
36928921
37021811
37087488
37142291
37471457
37552839
37593227
37695642
37801674
37942328
38024475
38032111
38310192
38372727
38378555
38508135
38519053
38519913
38584166
38706247
38950309
39054462
39054476
39061198
39302614
39461878
39626160
39638782
39660861
39747865
39825877
39867719
39908461
39920148
39976981
40048102
40108113
40139834
40469279
40502306
40515479
40631904
41052881
41135379
41167638
41202501
41231502
41490885
41766766
41775435
