10749325
1087606
11052501
15302020
16211395
16292891
17013677
17239314
17363490
17668937
17682946
17874299
18158564
18225547
18507002
18636204
18676776
18774758
18951581
18983911
19074849
19270532
19448394
19513516
19597759
19646810
19757056
19956907
20096548
20143294
20202741
20362422
20492723
20502900
20525379
20570523
20582416
20655966
20682173
20702493
20849941
21042719
21048307
21070863
21186824
21273578
21328317
21355778
21355783
21549092
21598423
21642861
21723082
21807458
21998736
22033517
22086447
22115526
22115972
22275826
22298457
22485174
22509396
22515104
22532966
22616177
22619526
22684608
22790600
22815798
22823110
22922496
23060566
23143780
23154267
23337959
23354363
23433093
23440494
23464460
23688425
23708127
24044882
24075210
24138843
24176851
24214831
24243568
24281185
24337790
24338134
24391739
24470266
24554216
24599717
24602180
24617941
24676085
24717690
2477149
24835696
24842044
24854102
24986120
25003941
25076224
25188609
25220273
25220870
25238789
25268975
25390210
25412192
25416050
25482950
25708841
25854350
25921607
25972998
26010837
26038829
26071619
26112902
26124336
26202276
26204398
26350296
26367393
26373887
26395333
26397305
26422386
26426257
26658786
26672742
26698248
26736813
26737877
26838477
26887975
26919657
26930230
26940444
26949038
27063984
27106131
27183708
27234890
27241169
27243447
27395830
27429587
27448221
27485253
27556184
27556699
27597657
27657480
27693455
27793904
27823620
27823632
27832093
27845746
28064222
28269540
28269726
28350075
28355088
28358361
28368610
28417251
28425987
28457934
28478130
28501215
28518093
28554310
28595038
28618944
28681243
28829584
28843620
28870956
28919752
28982862
28993931
29115404
29115534
29186222
29275107
29331658
29433670
29488525
29496164
29554655
29558871
29587544
29662080
29694357
29704527
30075210
30132509
30136359
30267191
30311169
30339360
30341282
30346394
30348269
30350219
30508758
30542704
30556847
30565007
30668314
30948047
30969932
30978253
30992204
31026611
31037769
31063960
31072204
31089145
31132647
31157515
31222183
31222722
31227775
31243347
31247208
31322205
31323446
31385777
31410214
31415145
31542271
31588193
31623083
31626813
31669203
31694943
31698041
31707040
31718892
31725935
31748127
31750520
31753490
31753914
31819175
31819438
31823471
31844979
31852666
31887267
31891494
31905849
31928332
31952784
31995555
32001732
32037829
32093567
32101536
32152504
32160543
32248971
32299493
32321775
32407116
32457312
32467316
32477443
32506298
32522457
32546200
32552718
32619716
32644826
32704022
32732911
32734621
32755579
32777557
32781328
32784027
32838931
32904847
32908313
32923163
32924612
32933538
32992948
33037696
33065148
33068406
33074042
33104955
33109489
33176972
33187984
33189686
33215030
33221711
33255340
33275888
33302945
33311488
33322413
33326793
33328215
33341289
33370632
33396317
33434714
33476633
33480681
33481190
33482908
33484758
33491552
33499282
33507706
33507915
33513992
33554860
33589527
33593481
33594637
33603343
33609757
33632266
33667951
33674744
33711532
33716044
33760847
33792083
33794335
33820820
33855089
33856201
33895649
33909103
33920168
33929971
33950471
34031433
34040370
34065602
34073075
34102995
34142808
34153784
34160201
34215656
34245853
34245959
34254814
34282188
34296464
34313786
34348348
34373746
34395289
34408176
34454516
34522226
34529928
34550356
34560935
34564032
34595922
34628070
34656698
34663427
34669238
34748806
34749347
34844040
34922008
34928122
34944063
34948122
34948316
34962762
34963437
34970698
34987634
35008832
35018729
35021109
35027829
35044426
35054968
35062322
35086924
35093119
35103292
35151824
35179153
35179801
35179844
35186474
35216098
35216400
35219868
35220999
35236203
35239311
35247594
35286311
35326650
35359402
35411245
35436564
35468697
35566130
35575205
35625709
35632759
35642510
35666536
35720301
35720311
35767011
35768273
35794729
35798878
35801484
35812042
35815688
35831762
35840560
35867222
35876858
35879361
35889257
35892286
35904186
35929496
35959961
35985374
35997705
36010547
36010559
36038011
36039063
36042555
36067874
36072981
36075874
36087682
36105317
36117387
36139135
36148678
36208441
36228090
36243711
36255638
36278182
36343668
36362089
36379358
36379512
36385722
36436181
36455759
36474273
36503396
36529796
36533676
36549674
36555712
36576435
36587124
36591974
36603445
36611875
36632905
36642806
36645225
36680249
36689197
36697099
36716411
36731367
36736908
36744961
36775946
36811310
36817454
36822335
36828124
36857737
36872620
36881527
36893956
36894539
36895188
36907051
36907560
36970774
36983757
36990421
36991198
36991316
37043937
37062125
37072246
37088327
37105343
37108181
37119369
37119737
37120887
37122707
37131108
37179515
37186892
37187119
37216240
37216792
37263297
37287008
37305390
37312610
37322373
37324948
37339639
37342383
37344596
37358641
37363952
37369808
37390854
37392863
37393700
37401128
37408858
37414634
37433774
37437370
37439437
37446050
37454223
37460111
37462439
37493044
37496993
37522197
37536521
37542858
37544568
37545491
37565053
37565802
37567056
37567504
37587095
37620320
37627079
37635172
37641004
37661565
37666373
37672732
37681903
37700230
37737478
37738976
37756561
37759484
37762490
37772391
37787036
37788737
37793869
37824205
37824799
37831307
37858275
37863651
37864513
37866880
37889752
37897003
37902460
37907972
37915564
37924341
37933299
37951423
37952597
37970358
37971309
37980476
37987462
37992493
38003215
38013142
38036782
38040871
38073102
38079267
38091201
38094629
38100982
38113447
38131782
38148492
38154615
38159596
38164884
38166691
38167881
38170412
38171333
38179960
38194775
38232641
38295540
38308868
38315003
38316463
38317637
38325812
38334437
38334638
38345361
38357955
38396172
38403882
38407276
3843005
38455403
38471664
38474359
38478345
38478917
38479562
38483577
38492435
38492569
38507020
38509717
38514913
38525011
38527565
38537920
38538285
38538442
38542447
38552500
38596301
38607047
38623558
38628758
38657602
38662827
38672409
38683584
38695671
38708707
38708861
38715363
38722104
38730256
38734899
38750591
38762193
38765008
38767454
38770217
38775254
38810924
38824410
38859583
38863707
38863971
38869192
38888223
38889339
38897043
38900237
38913981
38917788
38925170
38925852
38950309
38951853
38954079
38961290
38962811
38965423
38968636
38971510
38972519
38975633
38989622
39002524
39037704
39043763
39047292
39051482
39052212
39054639
39068589
39095760
39101839
39121719
39128273
39128990
39136145
39149915
39154092
39161078
39191130
39191730
39201435
39203014
39209877
39213978
39217242
39223270
39223316
39225414
39242595
39245083
39255363
39267113
39272193
39278160
39278358
39292752
39303823
39305257
39305483
39310965
39360515
39367484
39380383
39387174
39388353
39396598
39403328
39411697
39419151
39422290
39422810
39431644
39437325
39456787
39472589
39476243
39485838
39500392
39549730
39557959
39560842
39562465
39563182
39574346
39576858
39581334
39594628
39599878
39601789
39606562
39606809
39608124
39614430
39617984
39626575
39626935
39631394
39651805
39660666
39669575
39679828
39694268
39706050
39709939
39713955
39718058
39723764
39728429
39729399
39730440
39742840
39753085
39761175
39774458
39778242
39783849
39785683
39789387
39793480
39794937
39798497
39798703
39801205
39809265
39826543
39828655
39837426
39841860
39847761
39848366
39848686
39855503
39861845
39870236
39884132
39891927
39892649
39892701
39895038
39910291
39924751
39927795
39949927
39951377
39966970
39972681
39978048
39995112
39996528
39999840
40022699
40059341
40067898
40069686
40071295
40082588
40095378
40101841
40111003
40113005
40114589
40126217
40126769
40129017
40130822
40131613
40134212
40158813
40188858
40191207
40195559
40203215
40207236
40232354
40235054
40239877
40241233
40243501
40259204
40266301
40274828
40289661
40293187
40300402
40300855
40307410
40311316
40313149
40328147
40328703
40344477
40349900
40353839
40356359
40358194
40378357
40387458
40411783
40412286
40414727
40414874
40416959
40443068
40443649
40445574
40455140
40467542
40470716
40479650
40490790
40495644
40523545
40525768
40537932
40542009
40542357
40542851
40552914
40553912
40558528
40594309
40604285
40610675
40615674
40627200
40628052
40629510
40637085
40637538
40640144
40669019
40669084
40685856
40701653
40702162
40708369
40721857
40725231
40726069
40730281
40733515
40734262
40742385
40755231
40774368
40775400
40789906
40795300
40795586
40834748
40834944
40848256
40858788
40872773
40885089
40888991
40889189
40891401
40898321
40899983
40905947
40910889
40915448
40925418
40926122
40932546
40937720
40960236
40961556
40962204
40966083
40969763
40982437
40987206
40990518
40995928
41005321
41005692
41006228
41014798
41025699
41031472
41038349
41047879
41050683
41063451
41065878
41068081
41077804
41088941
41100893
41101231
41104711
41117183
41131861
41138491
41151892
41152167
41155526
41170884
41176408
41176799
41184322
41193623
41203167
41206690
41213410
41215803
41217910
41242564
41243692
41251836
41261087
41265176
41265458
41271059
41271729
41273009
41274291
41297423
41310376
41326371
41335801
41336725
41337397
41340412
41350820
41354242
41357193
41358374
41360332
41373888
41381536
41386377
41390513
41395784
41416398
41423054
41460244
41467876
41472305
41486882
41493068
41506382
41506413
41525248
41554743
41557625
41564857
41572139
41577418
41610314
41620284
41637807
41663428
41670551
41674174
41677622
41679300
41680566
41701126
41722284
41722564
41764633
41772962
41774834
41794025
41800921
41803088
41869309
41878524
41893758
61167
6265543
7531023
8872890
8999294
9219836
