10194560
10803669
11103804
11424154
11570977
11914100
12023044
12168839
12190735
1423282
15126372
15213104
15614446
16286025
16537182
16613519
16880732
16985057
17000693
17168364
17224645
17363137
17419708
17535031
17551011
17625013
18097578
18207031
18314258
19342982
19387848
19526988
19823012
19964169
20191380
20533503
20623193
20668843
20731873
21058201
21062083
21073941
21214290
21220495
21370886
21528889
21642840
21667032
21804211
21812011
21969674
21981636
22019790
22079741
22221251
22223084
22429348
22449440
22588110
22809139
22858865
22911830
23127155
23142760
23180025
23196890
23199931
23225428
23410681
23443188
23471912
23519324
23637769
23650499
23749887
23788403
23792576
23802040
23824972
23897652
23921576
23949655
23972483
24024571
24154945
24192821
24225203
24346159
24377565
24378474
24393333
24442790
24555979
24637191
24753285
24796583
24819705
2482821
24853427
24866272
24869760
24907451
24933647
24946270
25034326
25213867
25269611
25354827
25363302
25367065
25389236
25425556
25525610
25554016
25578541
25652758
25660073
25826087
25841570
25928327
25955102
26091938
26119952
26216549
26328944
26348387
26443966
26592246
26625208
26653552
26672603
26674251
26740178
26799128
26861249
26907089
26909114
27060208
27102814
27150750
27265625
27277337
27292193
27339426
27354630
27392540
27400479
27463533
27465066
27495906
27499876
27535093
27561100
27587968
27693317
27693939
27746330
27748048
27765848
27810405
27906510
27913213
28297832
28298023
28346389
28427672
28440433
28454566
28537455
28633567
28664468
28732031
28764995
28783621
28822757
28842551
28849278
28924200
28983745
29097305
29098502
29128845
29205852
29305141
29413596
29432025
29433678
29437995
29490752
29555321
29560350
29575297
29613770
29653222
29695251
29715531
29719057
29719274
29777637
29849132
29864953
29966978
30012047
30070696
30140154
30219515
30302280
30310996
30316676
30338863
30341739
30445003
30450734
30469352
30562734
30573951
30590310
30613291
30710171
30734370
30734551
30764928
30821439
30904618
30959180
30980700
31037944
31130474
31255980
31282750
31307409
31323651
31329411
31341104
31375748
31386744
31401938
31405605
31409607
31444292
31486033
31486040
31486043
31486045
31562979
31581445
31629931
31666202
31694888
31733295
31739597
31746851
31842288
31842863
31848460
31865711
31870622
31899582
31903156
31916125
31930723
31954230
31973584
32022097
32027119
32096010
32098629
32130786
32142865
32144446
32158622
32160976
32166558
32182828
32187960
32209571
32234885
32238925
32274629
32360576
32361897
32368047
32371587
32379004
32380039
32381006
32388810
32390599
32398948
32400970
32409902
32417652
32459400
32472757
32486953
32496721
32500440
32571799
32591191
32619712
32623604
32624697
32631270
32655266
32661432
32687855
32718998
32719125
32762310
32795509
32796761
32798741
32811551
32821097
32828714
32848130
32893968
32893995
32920508
32921554
32930107
32938326
32943648
32958389
32968206
32981006
33004686
33037191
33041245
33075425
33084332
33097661
33113504
33118267
33146805
33163284
33176492
33177823
33185089
33196160
33204397
33205974
33208059
33213345
33215453
33232302
33234363
33237729
33245955
33268569
33301289
33302699
33311561
33328345
33338804
33360156
33379345
33408790
33411765
33419801
33429148
33434379
33444691
33444692
33447030
33448676
33475857
33498757
33504253
33504260
33523837
33531565
33538860
33554679
33556161
33568347
33575350
33635343
33643692
33648735
33653477
33658202
33658617
33662456
33664850
33670942
33676427
33679747
33685992
33707944
33707946
33722612
33741730
33771231
33811153
33819459
33819814
33828203
33831485
33878705
33879173
33880669
33882773
33882892
33888468
33922052
33922406
33933518
33947548
33990905
34010040
34019368
34031411
34033477
34033692
34036669
34050151
34058542
34082101
34082962
34090878
34092568
34101408
34118951
34119606
34134774
34135475
34135582
34166910
34195677
34215336
34247201
34249709
34253582
34274382
34341066
34367185
34411731
34415995
34472721
34475869
34482104
34486685
34500056
34521317
34522459
34533937
34558311
34578321
34582788
34602004
34621019
34655115
34655667
34696348
34696515
34706160
34715056
34740039
34740610
34751400
34753889
34762994
34764236
34767372
34798471
34815789
34847422
34853037
34881625
34920801
34921012
34933180
34961307
34968704
34969970
34973468
34989170
35014452
35037732
35038238
35039048
35047448
35069599
35090484
35123413
35156714
35163675
35174915
35195150
35199647
35216429
35217990
35247877
35255200
35314826
35337340
35346236
35381875
35393389
35403435
35413839
35422284
35440675
35445870
35484709
35499393
35568916
35583999
35606358
35616682
35619295
35620928
35642638
35657017
35657956
35673573
35699224
35699948
35705580
35715861
35740624
35741103
35792620
35800155
35809118
35858470
35895109
35929333
35938315
35952757
35963895
35972384
35973687
35981223
35990652
35995138
35999480
36001933
36002574
36028965
36032113
36033422
36036582
36043358
36050621
36053276
36058029
36064266
36072895
36082022
36087871
36090974
36092638
36097280
36104949
36114082
36126293
36126678
36134532
36136033
36136061
36139078
36150614
36168634
36170351
36172744
36185175
36228110
36230572
36248810
36252467
36265559
36269795
36272509
36280438
36291557
36302879
36305867
36310169
36311701
36311728
36313716
36318118
36319895
36326183
36327577
36341440
36350285
36358594
36360292
36377519
36382950
36395425
36403209
36405739
36409067
36410699
36413881
36427779
36429015
36430552
36436092
36436360
36438484
36447254
36451070
36452477
36476493
36481319
36495660
36502755
36509363
36512628
36517459
36539109
36572706
36587138
36593962
36595474
36609146
36610060
36618068
36618357
36621885
36632237
36640333
36646005
36646509
36647782
36648507
36654155
36658782
36662514
36672365
36678814
36680222
36682726
36683744
36688797
36692541
36693779
36705309
36714582
36717184
36720496
36746324
36755269
36755342
36761730
36764416
36768352
36773871
36776873
36779699
36779813
36780890
36781839
36788695
36798234
36799863
36831698
36840977
36851497
36863541
36865165
36869202
36875124
36878534
36879553
36901812
36905358
36905893
36919311
36920334
36923404
36925236
36928512
36932454
36942414
36951942
36961368
36961373
36970209
36976175
36993158
36993533
36999013
37012357
37014177
37019442
37031457
37037269
37042638
37047172
37048069
37051250
37052212
37061120
37075092
37086948
37100972
37104963
37114242
37116468
37121459
37126893
37130473
37132155
37145165
37146146
37151176
37153626
37156306
37156740
37163283
37166485
37186944
37190019
37190057
37191353
37192117
37192893
37196158
37201179
37207130
37210563
37212336
37219376
37230614
37243814
37246883
37252797
37258521
37259060
37259079
37259920
37279095
37285593
37298997
37302522
37338326
37346097
37352467
37359558
37363954
37364935
37368791
37374009
37388744
37395638
37410244
37414582
37416781
37420174
37423524
37433716
37441902
37446144
37451822
37452740
37452744
37462447
37473534
37473681
37475048
37478560
37499397
37502970
37503351
37506418
37507075
37514158
37515162
37525695
37531240
37536492
37541727
37551433
37552839
37554264
37559159
37568794
37573354
37573404
37587833
37597651
37606818
37612388
37619813
37634013
37646399
37646958
37651540
37655051
37658376
37660479
37666476
37668152
37671595
37679769
37695590
37704614
37707586
37712178
37721518
37724648
37734877
37737568
37740439
37748773
37756635
37766219
37769391
37774484
37774811
37776941
37779152
37787456
37793856
37797662
37815381
37816503
37819640
37820981
37822133
37823637
37828621
37828725
37830607
37839496
37840374
37848261
37858804
37861099
37862796
37863852
37864726
37865914
37870196
37871327
37878693
37880707
37882675
37883180
37889225
37894816
37898045
37908722
37909776
37913974
37914681
37932012
37951154
37955637
37970806
37987734
37988837
37993941
37993945
37997202
38000655
38010777
38019654
38030179
38036413
38037288
38038679
38043609
38050474
38052529
38052854
38054080
38065039
38069409
38072311
38072817
38077396
38087365
38087978
38088504
38091375
38099496
38101040
38102658
38117769
38126157
38134746
38136298
38141466
38145711
38164145
38164146
38168996
38170381
38172923
38176263
38178138
38178674
38182927
38191799
38193381
38194971
38198061
38203786
38205802
38215985
38227666
38250045
38255
38268001
38268493
38272345
38278522
38279989
38286366
38286828
38296598
38296645
38310465
38312842
38318175
38320193
38336902
38341177
38342338
38347795
38349406
38352859
38359673
38377856
38379935
38380542
38382375
38386514
38400885
38402670
38403634
38403905
38406602
38412284
38428724
38429446
38433564
38445633
38452386
38456333
38459592
38467208
38467634
38471594
38474178
38489548
38492861
38498249
38501978
38512420
38527972
38549283
38549430
38554158
38556991
38566092
38566237
38572783
38584391
38587876
38599076
38603888
38605180
38609488
38610042
38614815
38617536
38623463
38629914
38630886
38632563
38635884
38636560
38640784
38650005
38660023
38664705
38670095
38677243
38683724
38688960
38693876
38698840
38700060
38700775
38702343
38704136
38704691
38711517
38712438
38716619
38718982
38720892
38733742
38742454
38743752
38757346
38763448
38766189
38769350
38769830
38772416
38796700
38810406
38816739
38818792
38848446
38849886
38855730
38856967
38857606
38858780
38861365
38861602
38874023
38885358
38886830
38894534
38895941
38896775
38906111
38909139
38910324
38916448
38918812
38933272
38948931
38949635
38953486
38961326
38970968
38973154
38975706
38976181
38978106
38981151
38983860
38990702
38993641
38994972
39000401
3900096
39003371
39004699
39005268
39012601
39034648
39043602
39048238
39051588
39054866
39072640
39076988
39081102
39082679
39088157
39094521
39098278
39098306
39104292
39105814
39106105
39106154
39112464
39113562
39115384
39123089
39129178
39132997
39134478
39140128
39146497
39147629
39151414
39166458
39166803
39167468
39168611
39177676
39182385
39185154
39186778
39189532
39191114
39212201
39213364
39216477
39218291
39225150
39227689
39240078
39245938
39259424
39265497
39266186
39271060
39288077
39297961
39299564
39301655
39307117
39307417
39311156
39312187
39322584
39337633
39339288
39342391
39353441
39363681
39366596
39378300
39378885
39389985
39390431
39392009
39392882
39393439
39395706
39396375
39404933
39405472
39412953
39413005
39413848
39418963
39419134
39426662
39433427
39436709
39449013
39454577
39457005
39463304
39467343
39474936
39478560
39481189
39481699
39487634
39488528
39494690
39495239
39500897
39502027
39502695
39510150
39511890
39513959
39516525
39530107
39532015
39536909
39548594
39551173
39561737
39563028
39567771
39573837
39573860
39579146
39588148
39588712
39591142
39600127
39609126
39613113
39615894
39617755
39621278
39622130
39625239
39630424
39631848
39639359
39641253
39653551
39654063
39657865
39663681
39666007
39667986
39671912
39672008
39672420
39674886
39693880
39701260
39708520
39709158
39710707
39726258
39730328
39744220
39745117
39749925
39751965
39760515
39761277
39762718
39763374
39786401
39790035
39792561
39793167
39800374
39801156
39804971
39812376
39814695
39818101
39830516
39835140
39837982
39847994
39851063
39856701
39865753
39868490
39869307
39874200
39874964
39878898
39883874
39891760
39900203
39900272
39900315
39909320
39918687
39925817
39938154
39947405
39947911
39948424
39949944
39953172
39960349
39962391
39963784
39980205
39983725
39985225
39988897
39989968
39993510
39993636
39995672
39996761
39998766
40008870
40015339
40017149
40029253
40033102
40036611
40037453
40038143
40038780
40040705
40045363
40050525
40055213
40056273
40068706
40068736
40070841
40072320
40072566
40075351
40086820
40088875
40098106
40098719
40105672
40113021
40121208
40121824
40121989
40122371
40125427
40125434
40126545
40127723
40143545
40146860
40148314
40165319
40165796
40170848
40181964
40185333
40199194
40202172
40202784
40208346
40209056
40209501
40223378
40223533
40226601
40234152
40237717
40244544
40245117
40246243
40248897
40250245
40253695
40255674
40276969
40281311
40282924
40289711
40293942
40294549
40302340
40306302
40308191
40317153
40318380
40326226
40328285
40334526
40336197
40338058
40340336
40342053
40344963
40349459
40350205
40358476
40358739
40360587
40365291
40365750
40370063
40381685
40381958
40383023
40385495
40387863
40394347
40396385
40399506
40403441
40403728
40406146
40409132
40411849
40420025
40422825
40429960
40436347
40439571
40439687
40440060
40446873
40447312
40448644
40449480
40450521
40460374
40465005
40465538
40466440
40467988
40473462
40480218
40480232
40481543
40487169
40495611
40495637
40499141
40502368
40504084
40512146
40514068
40516256
40516842
40521192
40526097
40530561
40533489
40536233
40539045
40541013
40543510
40546803
40548863
40551322
40553282
40553569
40561338
40573134
40574860
40578367
40580639
40583763
40589329
40602407
40607397
40609835
40617533
40623064
40627846
40628051
40629403
40635151
40635271
40643795
40650221
40653819
40658223
40665962
40668928
40670719
40672109
40676580
40676834
40679093
40680453
40683677
40693450
40694310
40694535
40694540
40696802
40698840
40699333
40700478
40700574
40707984
40709190
40712061
40712567
40715608
40715695
40730818
40738544
40738981
40742298
40742625
40744997
40749946
40752422
40755782
40762603
40764600
40764992
40771804
40777041
40789685
40789740
40794452
40801569
40804279
40812162
40813394
40815657
40830586
40835706
40836888
40840600
40845844
40846998
40848762
40849813
40854817
40855114
40855307
40858105
40861475
40862536
40873562
40882030
40888053
40890128
40891130
40892540
40899656
40902236
40903191
40907200
40907495
40910255
40911899
40918142
40918942
40918946
40919729
40925515
40929270
40932272
40943370
40944718
40945517
40947061
40952557
40954078
40957713
40959562
40962123
40966317
40967533
40970352
40970784
40972334
40972582
40998735
41008934
41023529
41026140
41030069
41033396
41038761
41041043
41042672
41045984
41053536
41053808
41062177
41062714
41066547
41066595
41066596
41067881
41071600
41084982
41088223
41089727
41091103
41093653
41101232
41101697
41101701
41105476
41105627
41106207
41106435
41121746
41133967
41136602
41140014
41173361
41175238
41175977
41181138
41193441
41200165
41203628
41205595
41208723
41208966
41213161
41214683
41218118
41225039
41225741
41226782
41232210
41238218
41238220
41240428
41242314
41247804
41252775
41253489
41253490
41266946
41270389
41270471
41270840
41276359
41276526
41286899
41291120
41303512
41310903
41312006
41313802
41313840
41315871
41319516
41319610
41319963
41328155
41328886
41330216
41334581
41338023
41338184
41338221
41344600
41346710
41349736
41349881
41352221
41359255
41359436
41366157
41366257
41372740
41379640
41381218
41385387
41386221
41395596
41399351
41408054
41411700
41417728
41422272
41424865
41441899
41442499
41448321
41451168
41454512
41462289
41465516
41472726
41479921
41486578
41490754
41510159
41521894
41528176
41538977
41539230
41540723
41545714
41557883
41560310
41564866
41568144
41571637
41576929
41579862
41591580
41613119
41629133
41641635
41645424
41648503
41655754
41664042
41668284
41668563
41672452
41677939
41685611
41687685
41702764
41710577
41711595
41733297
41734590
41736320
41739902
41740833
41752065
41760870
41764527
41781019
41795021
41795439
41804857
41825107
41830513
41850242
41850740
41858575
41860961
41876459
41881985
41899602
813897
8640029
9266238
9809637
