22542702
26311253
26756205
26907257
27695068
27809808
28604803
29420595
29566612
29681995
30411673
30881693
31385006
33371210
33826908
33976129
34157016
34193902
34252965
34995957
35053609
35061762
35654933
35861406
36171610
36293632
36717682
36813666
37213481
37964753
38038772
38242952
38572113
38721587
38976715
39030304
39206129
39296975
39407914
39462141
39502829
39608721
39824865
40141097
40223272
40495024
40504865
40805277
40851437
41193778
41309872
41332567
41451200
41454366
41668164
41853314
41868241
41879930
